movement error of the base
0.0 0.00037616678829 -0.00149722279878 -0.000284248330832 0.000148589511839 -9.44592499845e-05 -0.00011404959618
0.1 -0.000487202459058 -0.00211343506271 -0.000167351322264 -0.00599372586496 -0.00310743284159 -2.57789849171e-05
0.201 -0.00067888365232 -0.00239634214926 -0.000267552295533 -0.00378533013353 -0.00253500752752 -1.56329146453e-05
0.3 -0.000543073194228 -0.00316482129338 -0.000911788719241 0.00137136868369 -0.00274947483992 -0.00254329797679
0.4 -0.000410198011652 -0.00289478894212 -0.00109029743734 0.00123253867549 -0.00238860144614 -0.00272591203983
0.5 -0.000175786799262 -0.00232959499542 -0.00158532351991 0.00238336508212 0.00313902516331 -0.00600966119695
0.6 0.000501169906283 -0.00198589123148 -0.00248482985747 0.00724491188168 0.00207961872769 -0.00826488538157
0.7 0.00125219766298 -0.00147543153139 -0.00263179854756 0.00694032748296 0.00555556420599 -0.00366728806779
0.8 0.00204360481397 -0.000438847680563 -0.00404216212887 0.00916813891409 0.00456018258061 -0.00511170578854
0.9 0.00289225901475 2.81100880498e-05 -0.00408385352175 0.00776241296977 0.00436156820718 -0.00432705396698
1.0 0.00351072286579 0.000260202026182 -0.00411168352956 0.00524777397754 0.00371122066585 -0.0030982499747
1.1 0.00417142184044 0.000260038930784 -0.00431690620799 0.00649820962738 0.00375522743373 -0.00387726951213
1.2 0.00455034007652 0.00253435753255 -0.00491658109964 0.00323392606076 0.00422977309121 -0.00188257319587
1.3 0.00426453987826 0.00231259426239 -0.00451758571972 -0.0029025565116 0.001717879653 0.000290848357337
1.4 0.00451906930151 0.00202604907667 -0.00474216408097 0.00265113467804 0.00214928455629 -0.00143642533393
1.5 0.00445139428663 0.00159030393563 -0.00447010411307 -0.00196053738839 0.00226780787856 0.000846448796136
1.6 0.00422355270118 0.00496426511091 -0.00429105615252 -0.00339928507136 0.00290090452031 0.00191160610744
1.7 0.00401067036782 0.00421339087298 -0.00409875117596 -0.00292622633418 4.89116060592e-05 0.00178760715893
1.8 0.00354020961251 0.00330109840764 -0.00342141900973 -0.00597122370292 0.000633330062281 0.00524838260242
1.9 0.0035258926474 0.00245475651455 -0.00354265596396 -0.000178662036751 0.00139603018303 0.000489530506588
2.0 0.00334008227374 0.0058561106229 -0.00339212891733 -0.00276876369167 0.00257162365757 0.00133560526939
2.1 0.00367527546034 0.00476798807669 -0.00392023682363 0.00417108706124 -0.00153146239899 -0.0011848795414
2.2 0.00381819571477 0.00372038083355 -0.0035365573264 -1.70018994515e-05 -0.000361714397178 0.00075030082748
2.3 0.0036668063007 0.00283206807787 -0.00330186625725 -0.00250478434619 0.00131545736624 0.00133507308506
2.4 0.00350123707035 0.00620493760519 -0.00319598947084 -0.0024792896284 0.0022077096913 0.00120131742387
2.5 0.00381680974623 0.00508489987527 -0.00376490831923 0.00406488340107 -0.00183958109069 -0.0016372362205
2.6 0.00394758492753 0.00389715037812 -0.00338164661399 0.000179463276992 -0.000171585565607 0.000398881775992
2.7 0.00369741735557 0.00310370604077 -0.00285440380165 -0.00363383964622 0.000795820758672 0.00380431004933
2.8 0.00352183499365 0.0022969117119 -0.00278518401048 -0.00220573783407 0.00195142894237 0.0010116824082
2.9 0.00338725611083 0.00571927383928 -0.00269888173834 -0.00214496150735 0.00276086481721 0.000977977400734
3.0 0.00312111142615 0.004700778906 -0.00226956960437 -0.0033525656274 -0.00101088354192 0.0033232154165
3.101 0.00253002495821 0.00377335646853 -0.00163894575357 -0.0070148429858 0.000868235011305 0.00541077789806
3.2 0.0021845196812 0.00288245443669 -0.00153856071451 -0.00352427464653 0.000934054845424 0.00257319030308
3.3 0.0016555987635 0.00632453563683 -0.00063817170948 -0.00674057204812 0.00218058688335 0.00462828954061
3.4 0.00101587467568 0.00531512306153 -0.000341898509203 -0.00667547865362 -0.000707557222793 0.004230215663
3.5 0.000526165074265 0.00430721975485 -0.000256916153592 -0.00482100262983 -0.000401119391893 0.00268307674499
3.6 7.77840037381e-05 0.00341236567576 -7.65446536227e-05 -0.00480442703773 0.00114935086792 0.00272884459723
3.7 -0.000104174631831 0.00674577293816 -0.0001516001934 -0.00155784803728 0.00167904934123 -0.000299619776862
3.8 -0.000104064535984 0.00544983087491 -0.000460396899477 0.000383047803721 -0.00235482652579 -0.00190121889114
3.9 0.000447436899954 0.00445340075076 -0.000936839734338 0.00627908322763 -0.000988913536907 -0.00347220778465
4.0 0.000842541243179 0.00343352443075 -0.00100475024535 0.0035489456385 4.90546330624e-05 -0.00238168302036
4.1 0.0012301302396 0.00669978979367 -0.00177938494172 0.00528657353733 0.000895429289198 -0.00320487385704
4.2 0.00196299858443 0.00548050781931 -0.00212862426184 0.00751886279234 -0.00247175052613 -0.0032661541303
4.3 0.00257596679329 0.00431728527279 -0.00209401353381 0.00546734256428 -0.00102613607456 -0.00245449395407
4.4 0.00342684501536 0.00317647831774 -0.00256103591493 0.00884744908389 -0.000547686668013 -0.00468280956859
4.5 0.00412669355425 0.00643973645989 -0.003894160431 0.00801835011742 0.000562628644908 -0.00421200383277
4.6 0.00482864566601 0.00520065407274 -0.00377018183148 0.00637318532353 -0.00238769746373 -0.00299109390804
4.7 0.00560602180639 0.00397050419244 -0.00418327373972 0.0078909148956 -0.00180918795189 -0.00453848929632
4.8 0.00644350595045 0.00272687972357 -0.00448505891028 0.00867915593358 -0.000268854853348 -0.00601431551434
4.9 0.00688428543184 0.00585242004331 -0.0059230346296 0.00616101455809 0.00055207022419 -0.00417731353215
5.0 0.00752818876535 0.0048693582745 -0.00569734099088 0.00545226177935 -0.00189459946078 -0.00249464500518
5.1 0.00793015183033 0.00356166229908 -0.00545002514485 0.00280320724869 -0.00129054987139 -0.0014924628394
5.2 0.0084764956397 0.00262449916448 -0.00567086770959 0.0053829210067 0.000239623477412 -0.00367280278887
5.3 0.00907175681167 0.00160688502573 -0.00580840564644 0.00539844574105 0.000473960933984 -0.00446956180391
5.4 0.00937346006266 0.00459331665916 -0.00695362489471 0.00236610952591 0.00165650079651 -0.00246945494697
5.501 0.00968672131106 0.00346821884802 -0.00690496162353 0.00291716782882 -0.000763703488825 -0.00247903426488
5.601 0.0101402593296 0.00244539376315 -0.00722892703909 0.00433328958192 -0.000373899161704 -0.00458877109346
5.7 0.0105071866321 0.00164506081845 -0.00721409212961 0.0030598649433 0.00122024313644 -0.0040424935023
5.8 0.0108768080517 0.00416225571744 -0.00893859601896 0.00381242220759 0.00192257544937 -0.00520113786062
5.9 0.0110409387664 0.00363246445292 -0.00849489050554 0.00118127523201 -0.000966786874425 -0.00131993679773
6.001 0.0110929248248 0.00294510103425 -0.00797469813012 -0.00146776116927 0.000197220369938 0.000680170059204
6.1 0.0113422914602 0.00200077966063 -0.00812911753122 0.00200758294038 0.000176386506902 -0.00228770437695
6.2 0.01148784488 0.00497805486596 -0.00919816727975 0.00022326576729 0.00110768962514 -0.00149733157385
6.3 0.0115566458959 0.00397238303133 -0.00879962379204 -0.000327461427245 -0.00125475377673 -0.000367070379711
6.4 0.011515796565 0.00321122002918 -0.00852585743991 -0.000876772355042 -0.000819285383055 0.000412047476996
6.5 0.0114830755094 0.00229231746845 -0.00809679507824 -0.00192910146134 0.000488874818314 0.00129537514278
6.6 0.0113209408088 0.00584959898375 -0.00834982460584 -0.00347175805848 0.00139464412049 0.00211342153095
6.7 0.0112099808602 0.0046446511749 -0.00819762227562 -0.00167789639969 -0.0026390962367 0.00140039285024
6.8 0.0112162553758 0.00334589219238 -0.00809359790735 -0.000124410521982 -0.000905400206538 -0.000259214355832
6.9 0.011153791573 0.00234616452224 -0.00770396361809 -0.00210537006356 -0.000185532757222 0.00103212129502
7.0 0.0110812167976 0.00148489635458 -0.00740603079788 -0.00188161640294 0.0013431817291 0.000831310408456
7.1 0.0112432455342 0.00454825303647 -0.00879223681953 0.00188951109975 0.0022082913068 -0.00327756722768
7.201 0.0117615261487 0.00359348921055 -0.00909658502373 0.00465145020381 -0.00131384601827 -0.00413809004284
7.3 0.012236642961 0.00241751690649 -0.00912615408287 0.0043663748377 7.54504804679e-05 -0.00479090281895
7.401 0.0126546020711 0.00145521203272 -0.00917579347516 0.00318562769603 0.000579717792252 -0.00459860688164
7.5 0.0128512036419 0.00475890122839 -0.0106888956194 0.00149533611099 0.00139804286791 -0.00275734742483
7.6 0.0132910682167 0.00373009976641 -0.0109754375587 0.00362474445873 -0.00120878721183 -0.00300540515355
7.701 0.0136024151819 0.00246800517658 -0.0107270976595 0.00245592422633 -0.000886796582746 -0.00271589687892
7.801 0.0139185366533 0.00146343113766 -0.0106588040562 0.00271248903824 0.000921713160202 -0.00372249467032
7.9 0.014193078522 0.00509972745245 -0.0135528458 0.00251446769434 0.00180116423897 -0.00329655056908
8.001 0.0144016101982 0.00348304292797 -0.0132902372161 0.00299455934319 -0.00231410432461 -0.00187435740516
8.1 0.0146265415432 0.00224125860622 -0.0124727509678 0.0021901339289 -0.000223014570095 -0.00303400630043
8.2 0.0147822742844 0.00584097643294 -0.0152233857808 0.00138704332947 0.000815710445576 -0.00250182197207
8.302 0.0149059109548 0.0043080647683 -0.0149609113412 0.00166302693472 -0.00327298345156 -0.00086249760219
8.4 0.0149912745378 0.0028915563245 -0.0143995017329 0.00125668181819 -0.00184245241096 -0.00145915530977
8.5 0.0150486457488 0.00176115624703 -0.0136047784795 0.00056810451418 3.64449846819e-05 -0.00276700791858
8.601 0.0151547420393 0.00531789733073 -0.0174265745454 0.000305228173345 0.00112193542859 -0.00212312471299
8.7 0.0151494484957 0.00386753723744 -0.0170840038769 0.0014565535842 -0.00273326953633 0.000249293191092
8.8 0.0151149278789 0.00292089670937 -0.0159999512964 0.000822441119818 -0.000757891932715 0.000336669740223
8.9 0.0150394844179 0.0016970070503 -0.0147783904325 9.99150643064e-05 -0.000593973015958 -0.000209706170218
9.0 0.0149151414788 0.000803513536884 -0.0135643885911 -0.000874474018114 0.000965311114951 -0.00114999680292
9.1 0.0148488309832 0.00404566837088 -0.0182298394342 -0.0011408887626 0.00179612584943 -0.00230418704805
9.201 0.0147526263533 0.00323592526316 -0.0164247515347 9.70800992213e-05 -0.00171863893271 0.00195167178199
9.3 0.0145307428655 0.00219800034446 -0.0149262723532 -0.000801398905526 -0.000657790995514 0.000717615400042
9.4 0.0144031672021 0.00100126259271 -0.0137393520932 -0.000488513542703 1.96978557573e-05 -0.000777566092355
9.5 0.0145127479014 0.00454620067784 -0.0177320654003 0.000823908092918 0.00209941719155 -0.00069586617606
9.601 0.0146913152476 0.00322010100914 -0.0166660526507 0.00433346828047 0.000950179428132 0.000787962050665
9.7 0.0149888351634 0.00197837053879 -0.0158151690866 0.00387928568313 0.0016897937588 0.000204273405529
9.8 0.0152524864408 0.00124317664126 -0.0141600348443 0.00272859041595 0.00322158418562 0.000426884605771
9.9 0.0156097337276 0.000319256022612 -0.0127785062728 0.00184659048713 0.00277568480753 0.000668752761114
10.0 0.0160573396326 0.00450196358672 -0.016740223633 0.00103040344209 0.00325335530883 0.000705650874547
10.1 0.0162036161805 0.00340040789056 -0.0153769868375 0.0038810880198 0.00114419460608 0.00428070704142
10.2 0.0163236431036 0.00209990545566 -0.0135396262726 0.00307284587774 0.0011728344611 0.004848370325
10.301 0.0162764682021 0.000600827538514 -0.011988683288 0.00230552284971 0.00302548719991 0.00248283022926
10.4 0.0162597996392 0.00569432380291 -0.0162161841337 0.0012722223579 0.00388052356906 0.00213432856968
10.5 0.0165109764794 0.00416854295109 -0.0142837091495 0.00541590144465 8.82357027825e-05 0.00765140442621
10.601 0.0166925351568 0.00244766839214 -0.0122310390661 0.0043801213318 0.00190123390052 0.00637071246193
10.7 0.0167563821486 0.000761433001061 -0.0102638378337 0.00361101797332 0.00262287048878 0.00629508245559
10.8 0.0167935098363 0.00640752885997 -0.0152952082188 0.00233270458555 0.0034474718886 0.00301682699294
10.901 0.0164190023274 0.00414959779649 -0.0125821387033 0.00672629171102 0.00107625947055 0.00795388176328
11.0 0.0167355930639 0.0018000411218 -0.0108258947401 0.00575397093792 0.00219136305739 0.00503709702265
11.101 0.0168354400758 -0.000161271356173 -0.00865800571495 0.00339064806643 0.00357232079731 0.00269387018113
11.2 0.0167325909073 -0.00197068297121 -0.00703520675475 0.00227751867155 0.00399146914184 0.000827262515113
11.3 0.0168802641209 0.00338499332587 -0.0127866331065 0.000883934248135 0.0045987233512 -0.00159665970575
11.4 0.0166877778194 0.0011128896345 -0.0106995114933 0.00533981846747 0.00297465021473 0.00254505520775
11.5 0.0165859898938 -0.000832677129587 -0.00915947942697 0.00395652894098 0.00362532079399 0.000672770908901
11.6 0.0167458013741 -0.00251881289618 -0.00748806849375 0.00177013680582 0.00477952489929 -0.00229265848796
11.7 0.0167731817063 0.00197836251393 -0.0140664821019 0.000635455366186 0.00543414560392 -0.00365404583159
11.8 0.0166543695517 -0.000167904590617 -0.0121051806497 0.00519555265763 0.00341626788736 0.00107458932059
11.901 0.0166960724203 -0.00185281291289 -0.010195297464 0.00260584193424 0.00453230486101 -0.00166377476283
12.0 0.0169434018557 -0.0033107519005 -0.00878014903535 0.00155232698281 0.00437398406392 -0.00346793946766
12.1 0.0163683101232 -0.000264008979035 -0.0159866935843 0.000235055573707 0.00426682404846 -0.00521979195731
12.201 0.0164681347161 -0.00187828522786 -0.0143322184175 0.0025840435159 0.00524319044375 -0.00244169144403
12.3 0.0170458933221 -0.00318070054167 -0.0123751657616 0.00129944768369 0.0041341332132 -0.00380286080497
12.4 0.0169725058031 -0.00118081013411 -0.0191736774348 6.87861254327e-05 0.00326545408455 -0.0058429990496
12.501 0.0178042616963 -0.00204253881867 -0.0173837785048 0.00179009270772 0.0032837033874 -0.00296149662563
12.6 0.0179779741283 -0.00316820034665 -0.0157815752372 0.00014742851182 0.00276065888447 -0.00543873559861
12.7 0.0180886955044 -0.00395615676082 -0.0146622080561 -0.000587230503706 0.00198969997506 -0.00644694918678
12.8 0.0182226342691 -0.00433140451468 -0.0135558825532 -0.0022216010534 0.00257225253679 -0.00731101989746
12.901 0.0182966238756 -0.00465260615496 -0.0123002503138 -0.00227801958264 0.00153864971729 -0.00730757032122
13.0 0.0183577515904 -0.0033451878801 -0.0194333974469 -0.00253406048147 0.00114446616272 -0.00842586698986
13.102 0.0183348246233 -0.00268511648198 -0.0265386658506 -0.00134642517502 0.00116556520515 -0.00801147279285
13.209 0.0187379703438 -0.00410642769044 -0.0174094807072 -0.0018238337238 0.0018017844102 -0.0086484781901
13.3 0.0188503224721 -0.00360040333456 -0.0258753617799 -0.0029930453954 0.0011910645385 -0.0102482841128
13.4 0.0189592433865 -0.00374798444952 -0.0250138549391 -0.00222591871647 0.000805048015921 -0.00947748456682
13.503 0.0190797695393 -0.00401827457606 -0.0327914804584 -0.00147740092532 0.000135127534316 -0.0112530481248
13.6 0.0191740153009 -0.00457287514523 -0.0325418392497 -0.00183094666542 0.000354231742766 -0.00966826302665
13.701 0.0192110486065 -0.00434844323947 -0.030654551233 -0.000629375230799 -0.000276264732147 -0.00911640712193
13.8 0.0190690656509 -0.00342556949879 -0.0298611425006 -0.000739572287452 4.59034392458e-05 -0.00907566615513
13.901 0.0192400075879 -0.00325214212475 -0.0282152971214 0.0013883991172 0.000751797618216 -0.00567881266276
14.0 0.0191555444956 -0.00370618003091 -0.0262559593013 0.00169185322764 0.000696135533048 -0.00611246381487
14.101 0.0189626103578 -0.00417886564363 -0.0244087374103 0.00276843469953 0.000544566954292 -0.00515656244187
