0 -0.00448383 -0.00102258 0.00339173 0.200008 0.300003 0.999995 0.707108 0.707106 -1.24459e-06 -2.0483e-06
0.02 -0.00449202 -0.00102252 0.00338429 0.200121 0.304013 0.999984 0.707109 0.707105 -1.10796e-05 -1.18765e-05
0.04 -0.00450182 -0.00102225 0.0033772 0.200231 0.308023 0.999973 0.70711 0.707104 -2.04295e-05 -2.12198e-05
0.06 -0.00657065 -0.000994899 0.000302624 0.200341 0.312032 0.999962 0.707111 0.707103 -2.97769e-05 -3.05608e-05
0.08 -0.0128028 -0.000961076 -0.00886401 0.201534 0.316611 0.999943 0.707111 0.707101 0.00100471 0.00100394
0.1 -0.0190461 -0.000870458 -0.0179653 0.204943 0.322449 0.9999 0.707101 0.707089 0.00411253 0.0041118
0.12 -0.0252129 -0.000763861 -0.0250872 0.208344 0.328332 0.999858 0.707077 0.707063 0.00719938 0.0071987
0.14 -0.0313885 -0.000606043 -0.0322429 0.208344 0.328332 0.999858 0.707077 0.707063 0.00719938 0.0071987
0.16 -0.0386319 -0.000398161 -0.037356 0.212258 0.33387 0.999816 0.707049 0.707033 0.00961393 0.0096133
0.18 -0.0468539 -0.000129469 -0.0405684 0.212343 0.333997 0.999814 0.707049 0.707033 0.00965064 0.00965003
0.2 -0.0550688 0.000156923 -0.0437474 0.217939 0.339128 0.999767 0.707024 0.707006 0.0113713 0.0113707
0.22 -0.0632736 0.000450759 -0.0458633 0.219722 0.338917 0.999755 0.707034 0.707016 0.0107791 0.0107785
0.24 -0.0714497 0.000757039 -0.0473674 0.225332 0.344063 0.999708 0.707007 0.706987 0.0124825 0.012482
0.26 -0.0796136 0.00107615 -0.0488874 0.227558 0.343717 0.999695 0.707023 0.707003 0.0115458 0.0115453
0.28 -0.0877654 0.00139644 -0.0503905 0.233361 0.348717 0.999649 0.706998 0.706976 0.0130315 0.013031
0.3 -0.0959203 0.00172726 -0.0517335 0.235679 0.348472 0.999633 0.707014 0.706992 0.0121149 0.0121144
0.32 -0.10403 0.00202046 -0.051713 0.243977 0.353289 0.999571 0.707006 0.706982 0.0126288 0.0126283
0.34 -0.112135 0.0023158 -0.0517356 0.243977 0.353289 0.999571 0.707006 0.706982 0.0126288 0.0126283
0.36 -0.120204 0.00258199 -0.0517706 0.252659 0.357788 0.999509 0.707006 0.70698 0.0126784 0.0126779
0.38 -0.128255 0.00282694 -0.0517738 0.261422 0.362401 0.999446 0.707006 0.706978 0.0127464 0.012746
0.4 -0.128255 0.00282694 -0.0517738 0.270152 0.367019 0.999384 0.707006 0.706976 0.012803 0.0128026
0.42 -0.136289 0.00306366 -0.0518056 0.278695 0.371629 0.999325 0.707006 0.706974 0.0128591 0.0128587
0.44 -0.14429 0.00326792 -0.0517956 0.287191 0.376249 0.999267 0.707005 0.706972 0.0129243 0.012924
0.46 -0.151166 0.004305 -0.0501553 0.287191 0.376249 0.999267 0.707005 0.706972 0.0129243 0.012924
0.48 -0.156798 0.00623288 -0.0469562 0.303954 0.38407 0.999046 0.707015 0.706978 0.0124707 0.0124703
0.5 -0.162408 0.0081166 -0.0438397 0.311259 0.385884 0.999032 0.707034 0.706995 0.0114349 0.0114346
0.52 -0.167889 0.00980524 -0.0414299 0.311259 0.385884 0.999032 0.707034 0.706995 0.0114349 0.0114346
0.54 -0.173353 0.0114421 -0.0390379 0.318248 0.388149 0.999016 0.707047 0.707006 0.0106558 0.0106554
0.56 -0.178735 0.0129673 -0.0349686 0.325201 0.390433 0.999001 0.707059 0.707017 0.00988188 0.00988147
0.58 -0.184028 0.0143553 -0.0295991 0.325201 0.390433 0.999001 0.707059 0.707017 0.00988188 0.00988147
0.6 -0.189298 0.0156765 -0.0245003 0.333215 0.391911 0.998984 0.707083 0.707039 0.00807989 0.00807939
0.62 -0.194399 0.0167845 -0.0203932 0.3411 0.393475 0.998967 0.707101 0.707055 0.006369 0.0063684
0.64 -0.199515 0.0178887 -0.0163162 0.348436 0.395525 0.99895 0.707113 0.707066 0.00499458 0.0049939
0.66 -0.204528 0.0190251 -0.0184549 0.355772 0.397535 0.998933 0.707122 0.707073 0.00362957 0.0036288
0.68 -0.209566 0.020142 -0.0235632 0.360616 0.401713 0.998917 0.707118 0.707068 0.00437862 0.00437792
0.7 -0.214598 0.0212679 -0.0286601 0.364318 0.407025 0.9989 0.707106 0.707054 0.00613809 0.00613755
0.72 -0.219542 0.0224602 -0.0358 0.367987 0.412371 0.998883 0.70709 0.707036 0.00789409 0.0078937
0.74 -0.224478 0.0236995 -0.0429587 0.367987 0.412371 0.998883 0.70709 0.707036 0.00789409 0.0078937
0.76 -0.229353 0.0249406 -0.0483136 0.370742 0.418479 0.998867 0.707059 0.707003 0.0103455 0.0103454
0.78 -0.234228 0.0262036 -0.053396 0.374151 0.42408 0.99885 0.70703 0.706973 0.0122156 0.0122157
0.8 -0.23905 0.0274741 -0.0584699 0.377636 0.429599 0.998834 0.706998 0.706939 0.0139932 0.0139934
0.82 -0.23905 0.0274741 -0.0584699 0.377636 0.429599 0.998834 0.706998 0.706939 0.0139932 0.0139934
0.84 -0.243857 0.0287755 -0.063564 0.381033 0.435228 0.998817 0.706961 0.706901 0.015768 0.0157684
0.86 -0.248636 0.0300912 -0.0681721 0.384374 0.440876 0.998801 0.70692 0.706858 0.0175497 0.0175503
0.88 -0.253393 0.0314124 -0.0712647 0.384374 0.440876 0.998801 0.70692 0.706858 0.0175497 0.0175503
0.9 -0.258139 0.0327406 -0.0743421 0.387853 0.446349 0.998785 0.706879 0.706815 0.0191661 0.0191669
0.92 -0.262871 0.034084 -0.0774434 0.391961 0.451309 0.998769 0.706848 0.706784 0.020273 0.0202739
0.94 -0.26757 0.0354243 -0.0805375 0.396019 0.456282 0.998754 0.706816 0.70675 0.0213877 0.0213888
0.96 -0.272275 0.0367742 -0.0831476 0.400018 0.461271 0.998738 0.706782 0.706715 0.0224998 0.022501
0.981 -0.276951 0.0381137 -0.0844311 0.404197 0.46606 0.998723 0.706752 0.706683 0.023447 0.0234484
1 -0.281635 0.0394665 -0.0856776 0.408357 0.469827 0.998715 0.706738 0.706668 0.0238877 0.0238893
1.02 -0.286286 0.0407991 -0.0868996 0.413054 0.474033 0.998701 0.706723 0.706651 0.0243711 0.0243727
1.04 -0.290922 0.0421268 -0.088117 0.417706 0.478246 0.998687 0.706707 0.706634 0.0248457 0.0248474
1.06 -0.295505 0.0439487 -0.0912542 0.422324 0.48246 0.998674 0.706691 0.706616 0.0253183 0.0253201
1.08 -0.299923 0.0474034 -0.100615 0.426082 0.487074 0.998664 0.70665 0.706574 0.0264432 0.0264452
1.1 -0.3043 0.0508801 -0.109985 0.427125 0.493021 0.998662 0.706522 0.706445 0.0296836 0.0296861
1.12 -0.308649 0.0543915 -0.119374 0.42811 0.499025 0.99866 0.706379 0.7063 0.0329271 0.03293
1.14 -0.312958 0.0579356 -0.128774 0.429044 0.50508 0.998658 0.706221 0.706141 0.0361771 0.0361804
1.16 -0.317236 0.0615068 -0.13819 0.429044 0.50508 0.998658 0.706221 0.706141 0.0361771 0.0361804
1.181 -0.321473 0.0651094 -0.147619 0.429921 0.511181 0.998655 0.706047 0.705966 0.0394305 0.0394344
1.2 -0.321473 0.0651094 -0.147619 0.429938 0.511343 0.998653 0.706045 0.705964 0.0394694 0.0394732
1.22 -0.325678 0.0687602 -0.156463 0.430702 0.517112 0.998652 0.705868 0.705786 0.0425236 0.0425279
1.24 -0.325678 0.0687602 -0.156463 0.430702 0.517112 0.998652 0.705868 0.705786 0.0425236 0.0425279
1.26 -0.333998 0.0760832 -0.166976 0.431681 0.522952 0.998648 0.705685 0.705601 0.0454723 0.045477
1.28 -0.33812 0.0797694 -0.170305 0.434252 0.527412 0.998646 0.70556 0.705475 0.0473742 0.0473792
1.3 -0.342238 0.0834756 -0.173536 0.437612 0.530901 0.998646 0.705476 0.70539 0.0486201 0.0486254
1.32 -0.346338 0.0871577 -0.174927 0.440995 0.534333 0.998647 0.705392 0.705305 0.0498319 0.0498374
1.34 -0.350393 0.0908222 -0.174876 0.440995 0.534333 0.998647 0.705392 0.705305 0.0498319 0.0498374
1.36 -0.354442 0.0944836 -0.174828 0.445797 0.536139 0.99865 0.705386 0.705297 0.0499336 0.0499393
1.38 -0.358486 0.0981243 -0.174798 0.45004 0.537743 0.998656 0.70538 0.70529 0.0500243 0.0500301
1.4 -0.362531 0.101763 -0.17475 0.45004 0.537743 0.998656 0.70538 0.70529 0.0500243 0.0500301
1.42 -0.366546 0.105382 -0.174706 0.454881 0.539565 0.998658 0.705373 0.705282 0.0501249 0.0501309
1.44 -0.370535 0.10898 -0.174638 0.45967 0.541387 0.99866 0.705367 0.705274 0.0502258 0.0502319
1.46 -0.374513 0.11257 -0.174584 0.45967 0.541387 0.99866 0.705367 0.705274 0.0502258 0.0502319
1.48 -0.378472 0.116145 -0.174507 0.464482 0.543229 0.998661 0.70536 0.705267 0.0503218 0.050328
1.5 -0.382432 0.119722 -0.174448 0.469265 0.545054 0.998662 0.705355 0.70526 0.0504088 0.0504151
1.52 -0.386344 0.123259 -0.17435 0.474021 0.546871 0.998663 0.705349 0.705253 0.0505007 0.0505071
1.54 -0.390247 0.126792 -0.17427 0.478723 0.548681 0.998663 0.705344 0.705247 0.0505786 0.0505851
1.56 -0.394175 0.130362 -0.178406 0.478723 0.548681 0.998663 0.705344 0.705247 0.0505786 0.0505851
1.58 -0.39815 0.133992 -0.187086 0.48162 0.55283 0.998656 0.705234 0.705136 0.0520916 0.0520984
1.6 -0.402113 0.137669 -0.195665 0.48162 0.55283 0.998656 0.705234 0.705136 0.0520916 0.0520984
1.62 -0.406095 0.141398 -0.204229 0.483445 0.566232 0.998529 0.704758 0.704657 0.0581941 0.058202
1.64 -0.41007 0.145177 -0.212767 0.484364 0.57288 0.998511 0.704503 0.704402 0.061206 0.0612144
1.66 -0.41007 0.145177 -0.212767 0.484364 0.57288 0.998511 0.704503 0.704402 0.061206 0.0612144
1.68 -0.414131 0.14903 -0.22137 0.485267 0.579523 0.998492 0.704236 0.704134 0.0642081 0.0642171
1.7 -0.418171 0.152928 -0.229859 0.486168 0.586366 0.998468 0.703955 0.703851 0.0672312 0.0672408
1.72 -0.422265 0.15689 -0.23848 0.486168 0.586366 0.998468 0.703955 0.703851 0.0672312 0.0672408
1.74 -0.426378 0.160913 -0.247 0.487096 0.593074 0.998444 0.703664 0.703559 0.0702144 0.0702245
1.76 -0.430427 0.164956 -0.254944 0.488153 0.600132 0.998407 0.703348 0.703243 0.0733118 0.0733225
1.78 -0.434413 0.169018 -0.262422 0.489335 0.606656 0.998377 0.703049 0.702942 0.0761372 0.0761485
1.8 -0.438362 0.173104 -0.269922 0.490639 0.612908 0.998348 0.702755 0.702647 0.0788038 0.0788156
1.82 -0.442272 0.177202 -0.271932 0.491871 0.619185 0.998316 0.702451 0.702342 0.0814759 0.0814883
1.84 -0.446176 0.181297 -0.273251 0.495528 0.62205 0.998306 0.702356 0.702246 0.082292 0.0823046
1.86 -0.450077 0.185388 -0.274022 0.495528 0.62205 0.998306 0.702356 0.702246 0.082292 0.0823046
1.88 -0.453928 0.189456 -0.273911 0.499781 0.624176 0.998298 0.70231 0.702199 0.0826927 0.0827056
1.9 -0.457775 0.193524 -0.273837 0.504365 0.625741 0.998292 0.702298 0.702186 0.0827941 0.0828071
1.92 -0.461578 0.19756 -0.273719 0.504365 0.625741 0.998292 0.702298 0.702186 0.0827941 0.0828071
1.94 -0.465373 0.201588 -0.273597 0.513482 0.628784 0.998191 0.702274 0.70216 0.0830041 0.0830174
1.96 -0.469138 0.205597 -0.273487 0.517953 0.630317 0.998181 0.702264 0.702149 0.0830976 0.083111
1.98 -0.472885 0.209593 -0.273362 0.517953 0.630317 0.998181 0.702264 0.702149 0.0830976 0.083111
2 -0.476632 0.213587 -0.273249 0.522429 0.631867 0.998167 0.702253 0.702138 0.0831884 0.083202
2.02 -0.48034 0.217557 -0.273127 0.522429 0.631867 0.998167 0.702253 0.702138 0.0831884 0.083202
2.041 -0.48405 0.221527 -0.273015 0.531323 0.634835 0.998021 0.702233 0.702115 0.0833718 0.0833857
2.06 -0.484924 0.227171 -0.277848 0.535462 0.636284 0.998001 0.702223 0.702104 0.0834582 0.0834722
2.08 -0.484924 0.227171 -0.277848 0.535388 0.638855 0.998024 0.702012 0.701892 0.0852183 0.0852327
2.1 -0.48363 0.234048 -0.286491 0.535281 0.641454 0.998046 0.701799 0.701678 0.0869602 0.086975
2.12 -0.482194 0.241004 -0.295067 0.531781 0.644889 0.998084 0.701417 0.701296 0.0899872 0.0900028
2.14 -0.480554 0.248067 -0.303823 0.528222 0.648142 0.998122 0.701026 0.700904 0.0929899 0.0930061
2.161 -0.478944 0.255121 -0.312464 0.524447 0.651333 0.998159 0.700613 0.70049 0.0960515 0.0960683
2.18 -0.477446 0.262178 -0.321216 0.520962 0.654278 0.998194 0.700215 0.700091 0.0989139 0.0989313
2.202 -0.475914 0.26922 -0.329853 0.517362 0.657465 0.99823 0.699776 0.699652 0.101972 0.10199
2.221 -0.474557 0.276275 -0.338601 0.514173 0.660235 0.998261 0.699378 0.699253 0.104672 0.104691
2.24 -0.473154 0.283315 -0.347234 0.514173 0.660235 0.998261 0.699378 0.699253 0.104672 0.104691
2.26 -0.471837 0.290359 -0.355978 0.510913 0.663271 0.998293 0.698937 0.698811 0.107577 0.107596
2.28 -0.470573 0.2974 -0.364609 0.507528 0.66652 0.998326 0.698456 0.698329 0.110662 0.110682
2.301 -0.469322 0.304436 -0.372665 0.504262 0.669688 0.998358 0.697967 0.697839 0.113707 0.113727
2.32 -0.468214 0.311472 -0.379226 0.504262 0.669688 0.998358 0.697967 0.697839 0.113707 0.113727
2.34 -0.467046 0.318499 -0.385899 0.499174 0.674113 0.99842 0.697122 0.696993 0.11878 0.118802
2.36 -0.466074 0.325522 -0.390605 0.496877 0.675909 0.998452 0.696712 0.696582 0.121162 0.121185
2.38 -0.465084 0.332537 -0.395218 0.495594 0.676393 0.998482 0.696411 0.69628 0.122883 0.122907
2.4 -0.464157 0.339545 -0.398868 0.494341 0.676794 0.998511 0.696111 0.69598 0.124572 0.124596
2.42 -0.463316 0.346549 -0.401415 0.494341 0.676794 0.998511 0.696111 0.69598 0.124572 0.124596
2.44 -0.462473 0.35355 -0.403843 0.493278 0.675516 0.998557 0.695683 0.69555 0.126945 0.126969
2.46 -0.460961 0.362236 -0.403847 0.493278 0.675516 0.998557 0.695683 0.69555 0.126945 0.126969
2.48 -0.459352 0.37111 -0.403719 0.493072 0.674413 0.998581 0.695508 0.695375 0.127898 0.127922
2.5 -0.459352 0.37111 -0.403719 0.494077 0.670877 0.998534 0.695656 0.695522 0.127094 0.127119
2.52 -0.457772 0.379934 -0.40365 0.493916 0.669393 0.99855 0.695491 0.695357 0.127994 0.128019
2.54 -0.456335 0.388561 -0.403533 0.494687 0.664485 0.998489 0.695472 0.695337 0.128098 0.128123
2.56 -0.454896 0.397185 -0.403464 0.4954 0.659537 0.998368 0.695451 0.695316 0.128213 0.128238
2.58 -0.454504 0.403684 -0.408056 0.496242 0.654944 0.998365 0.695431 0.695295 0.128325 0.12835
2.6 -0.454878 0.40858 -0.416206 0.495406 0.655907 0.998398 0.695121 0.694984 0.129995 0.13002
2.62 -0.454747 0.414488 -0.418868 0.493225 0.661033 0.998403 0.694581 0.694443 0.132852 0.132878
2.64 -0.454352 0.42092 -0.418815 0.493145 0.661254 0.998434 0.694385 0.694247 0.133873 0.1339
2.66 -0.454077 0.427221 -0.421278 0.493145 0.661254 0.998434 0.694385 0.694247 0.133873 0.1339
2.68 -0.454138 0.433183 -0.429762 0.494088 0.658997 0.99846 0.694363 0.694224 0.133987 0.134014
2.7 -0.45417 0.439156 -0.438339 0.491961 0.663282 0.998474 0.693783 0.693644 0.136959 0.136986
2.72 -0.454385 0.445171 -0.446835 0.489783 0.667606 0.998486 0.693185 0.693044 0.139958 0.139987
2.74 -0.454534 0.451191 -0.455423 0.489783 0.667606 0.998486 0.693185 0.693044 0.139958 0.139987
2.761 -0.45487 0.461029 -0.464023 0.48782 0.671907 0.998495 0.692578 0.692438 0.142928 0.142957
2.78 -0.455155 0.471766 -0.472765 0.487625 0.673067 0.99852 0.691979 0.691838 0.145803 0.145833
2.8 -0.455463 0.482514 -0.48139 0.487625 0.673067 0.99852 0.691979 0.691838 0.145803 0.145833
2.82 -0.455828 0.493281 -0.490134 0.487949 0.673538 0.998548 0.691325 0.691184 0.148871 0.148902
2.84 -0.456059 0.503779 -0.498761 0.487949 0.673538 0.998548 0.691325 0.691184 0.148871 0.148902
2.86 -0.455673 0.511724 -0.507507 0.488368 0.674123 0.998575 0.69065 0.690507 0.151975 0.152007
2.88 -0.455233 0.519663 -0.516135 0.488678 0.67481 0.998596 0.689962 0.689819 0.155067 0.155099
2.9 -0.454851 0.527618 -0.52488 0.485586 0.679387 0.998607 0.689252 0.689109 0.158193 0.158226
2.92 -0.454851 0.527618 -0.52488 0.484277 0.682046 0.998625 0.688528 0.688384 0.161314 0.161348
2.94 -0.454523 0.535581 -0.533507 0.48293 0.684722 0.998642 0.687798 0.687653 0.164401 0.164436
2.96 -0.454177 0.543545 -0.541085 0.481708 0.687328 0.998658 0.687063 0.686918 0.167445 0.167481
2.98 -0.453982 0.551509 -0.545599 0.481708 0.687328 0.998658 0.687063 0.686918 0.167445 0.167481
3 -0.453737 0.559471 -0.550227 0.480857 0.68915 0.998678 0.686401 0.686256 0.170138 0.170175
3.02 -0.453599 0.56741 -0.552074 0.481155 0.688806 0.998706 0.685976 0.68583 0.171844 0.171881
3.04 -0.453475 0.575367 -0.552813 0.481109 0.688818 0.998705 0.68597 0.685824 0.17187 0.171907
3.06 -0.453593 0.582995 -0.554995 0.482388 0.686456 0.998724 0.685772 0.685626 0.172657 0.172694
3.08 -0.45469 0.589204 -0.563484 0.482744 0.685576 0.998714 0.685856 0.68571 0.172323 0.17236
3.1 -0.45575 0.595439 -0.572091 0.482063 0.690127 0.998674 0.685092 0.684945 0.175336 0.175374
3.12 -0.456936 0.601712 -0.58061 0.481329 0.694732 0.998623 0.684305 0.684157 0.178385 0.178424
3.14 -0.458046 0.607998 -0.589245 0.481329 0.694732 0.998623 0.684305 0.684157 0.178385 0.178424
3.16 -0.459274 0.614324 -0.597787 0.479965 0.703758 0.998281 0.682687 0.682539 0.184478 0.184518
3.18 -0.460473 0.620675 -0.606443 0.479413 0.708279 0.99815 0.681866 0.681717 0.18749 0.187532
3.2 -0.461695 0.627047 -0.614988 0.479413 0.708279 0.99815 0.681866 0.681717 0.18749 0.187532
3.22 -0.462934 0.633455 -0.623643 0.478868 0.71276 0.997925 0.681023 0.680874 0.190529 0.190571
3.24 -0.464139 0.639871 -0.632191 0.478189 0.716983 0.997436 0.680157 0.680007 0.193598 0.193641
3.26 -0.465417 0.646349 -0.640855 0.478189 0.716983 0.997436 0.680157 0.680007 0.193598 0.193641
3.28 -0.466681 0.652846 -0.649436 0.47635 0.718281 0.994753 0.679287 0.679137 0.196627 0.196671
3.3 -0.467976 0.659393 -0.658099 0.475706 0.722196 0.994026 0.678392 0.678242 0.199692 0.199736
3.32 -0.469283 0.665958 -0.666625 0.475706 0.722196 0.994026 0.678392 0.678242 0.199692 0.199736
3.34 -0.469283 0.665958 -0.666625 0.459139 0.687251 0.963881 0.677476 0.677326 0.202777 0.202823
3.36 -0.470552 0.672542 -0.675231 0.458969 0.686612 0.963416 0.677481 0.67733 0.202762 0.202807
3.38 -0.471948 0.679176 -0.683698 0.459465 0.692698 0.964542 0.67656 0.67641 0.205812 0.205859
3.4 -0.473267 0.685818 -0.692246 0.459296 0.692183 0.964084 0.676548 0.676397 0.205852 0.205898
3.421 -0.474708 0.692502 -0.700663 0.459729 0.697789 0.96473 0.675599 0.675448 0.208946 0.208993
3.44 -0.476113 0.699213 -0.709226 0.459729 0.697789 0.96473 0.675599 0.675448 0.208946 0.208993
3.46 -0.477546 0.705943 -0.716737 0.460266 0.703055 0.965326 0.6747 0.674548 0.21183 0.211879
3.48 -0.478985 0.712695 -0.723314 0.460729 0.708584 0.965792 0.673713 0.673562 0.214947 0.214996
3.501 -0.480392 0.719457 -0.729332 0.461774 0.712751 0.966407 0.672922 0.67277 0.21741 0.217459
3.52 -0.481831 0.726255 -0.732151 0.461774 0.712751 0.966407 0.672922 0.67277 0.21741 0.217459
3.54 -0.48326 0.733051 -0.734946 0.462855 0.716253 0.966983 0.672224 0.672071 0.21956 0.219611
3.56 -0.48474 0.739883 -0.740523 0.464799 0.717438 0.967618 0.671817 0.671664 0.220802 0.220853
3.58 -0.48624 0.746746 -0.749104 0.464799 0.717438 0.967618 0.671817 0.671664 0.220802 0.220853
3.6 -0.487707 0.75364 -0.757774 0.466184 0.720793 0.968191 0.671111 0.670958 0.222938 0.222989
3.62 -0.489263 0.760574 -0.766363 0.465591 0.723149 0.968113 0.670782 0.670629 0.223926 0.223978
3.64 -0.490744 0.767527 -0.775036 0.466473 0.728905 0.968552 0.669722 0.669569 0.227075 0.227127
3.66 -0.492327 0.774528 -0.78363 0.466473 0.728905 0.968552 0.669722 0.669569 0.227075 0.227127
3.68 -0.49386 0.781556 -0.792308 0.467901 0.739638 0.968747 0.66754 0.667387 0.233409 0.233463
3.7 -0.495451 0.788623 -0.800913 0.468563 0.74483 0.968729 0.666429 0.666275 0.236562 0.236618
3.72 -0.497007 0.795725 -0.809613 0.468517 0.747982 0.967259 0.665312 0.665158 0.239684 0.239741
3.74 -0.498531 0.803702 -0.81824 0.463902 0.739446 0.957435 0.664171 0.664016 0.242829 0.242887
3.76 -0.498531 0.803702 -0.81824 0.465617 0.744705 0.957996 0.663024 0.662869 0.245943 0.246001
3.781 -0.50001 0.813859 -0.826919 0.467143 0.749755 0.958406 0.661874 0.661719 0.24902 0.249079
3.8 -0.501415 0.824021 -0.835524 0.467143 0.749755 0.958406 0.661874 0.661719 0.24902 0.249079
3.82 -0.502836 0.834248 -0.844228 0.470101 0.752902 0.958492 0.660702 0.660547 0.252111 0.252171
3.84 -0.504229 0.844501 -0.852855 0.471513 0.751989 0.955644 0.659505 0.65935 0.255225 0.255286
3.86 -0.505568 0.854793 -0.861571 0.471513 0.751989 0.955644 0.659505 0.65935 0.255225 0.255286
3.88 -0.506895 0.865119 -0.870213 0.47416 0.754222 0.955183 0.658367 0.658212 0.258145 0.258207
3.9 -0.508165 0.875473 -0.878903 0.475417 0.752523 0.951793 0.65713 0.656974 0.261278 0.261341
3.92 -0.509493 0.885877 -0.887493 0.478309 0.754633 0.951152 0.655882 0.655726 0.264394 0.264458
3.94 -0.510719 0.896294 -0.896145 0.478309 0.754633 0.951152 0.655882 0.655726 0.264394 0.264458
3.96 -0.511791 0.908144 -0.904708 0.350693 0.432129 0.734063 0.654614 0.654458 0.267517 0.267582
3.98 -0.512653 0.921578 -0.913328 0.359224 0.439204 0.739326 0.653344 0.653188 0.270603 0.270669
4 -0.513345 0.934864 -0.920662 0.368824 0.445186 0.744484 0.652053 0.651897 0.273699 0.273765
4.02 -0.513785 0.947799 -0.925091 0.378158 0.45041 0.749547 0.650919 0.650763 0.276382 0.27645
4.04 -0.514187 0.960725 -0.929397 0.386959 0.453967 0.754527 0.650166 0.650009 0.27815 0.278218
4.06 -0.514938 0.971247 -0.9371 0.386959 0.453967 0.754527 0.650166 0.650009 0.27815 0.278218
4.08 -0.515713 0.981195 -0.945476 0.394262 0.460994 0.759384 0.648961 0.648804 0.280949 0.281017
4.1 -0.516414 0.991402 -0.953921 0.401098 0.468749 0.76414 0.647653 0.647497 0.283949 0.284018
4.12 -0.517083 1.00194 -0.962227 0.40805 0.476325 0.7688 0.646323 0.646167 0.286961 0.287032
4.14 -0.517668 1.01249 -0.970652 0.415197 0.483592 0.773366 0.645 0.644844 0.289922 0.289993
4.16 -0.518335 1.02305 -0.979024 0.422271 0.49085 0.77784 0.643648 0.643492 0.29291 0.292983
4.18 -0.518335 1.02305 -0.979024 0.429352 0.498127 0.782222 0.642291 0.642134 0.295874 0.295947
4.2 -0.518886 1.03362 -0.98755 0.436234 0.505385 0.786517 0.640934 0.640777 0.298801 0.298876
4.22 -0.519493 1.04419 -0.996027 0.443042 0.512631 0.790725 0.639542 0.639385 0.301767 0.301842
4.24 -0.520025 1.05479 -1.00464 0.443042 0.512631 0.790725 0.639542 0.639385 0.301767 0.301842
4.26 -0.520535 1.0654 -1.01321 0.456738 0.527012 0.798837 0.636701 0.636544 0.307715 0.307792
4.28 -0.521006 1.07603 -1.0219 0.46347 0.534209 0.802794 0.635265 0.635108 0.310667 0.310745
4.3 -0.521394 1.08667 -1.03055 0.470191 0.541438 0.806668 0.633798 0.633641 0.313648 0.313727
4.32 -0.521792 1.09735 -1.0393 0.470191 0.541438 0.806668 0.633798 0.633641 0.313648 0.313727
4.34 -0.522111 1.10804 -1.04798 0.476996 0.548671 0.810462 0.632296 0.632139 0.316664 0.316744
4.36 -0.522385 1.11875 -1.05674 0.476996 0.548671 0.810462 0.632296 0.632139 0.316664 0.316744
4.38 -0.522627 1.12948 -1.06543 0.483845 0.555849 0.814177 0.630765 0.630608 0.319701 0.319782
4.4 -0.522806 1.14023 -1.07421 0.490664 0.562939 0.817816 0.629231 0.629074 0.322708 0.32279
4.42 -0.522982 1.151 -1.08291 0.497463 0.570017 0.821379 0.627672 0.627515 0.325729 0.325811
4.441 -0.523047 1.16178 -1.0917 0.504255 0.577029 0.824869 0.62611 0.625953 0.32872 0.328803
4.46 -0.523147 1.1726 -1.10043 0.510622 0.583619 0.828101 0.624611 0.624454 0.331559 0.331643
4.48 -0.523143 1.18342 -1.10924 0.510622 0.583619 0.828101 0.624611 0.624454 0.331559 0.331643
4.5 -0.523105 1.19426 -1.11798 0.517397 0.590551 0.831449 0.62302 0.622863 0.334537 0.334623
4.52 -0.523021 1.20513 -1.12681 0.530931 0.603855 0.837708 0.619751 0.619594 0.340553 0.34064
4.54 -0.522887 1.21533 -1.13557 0.537656 0.61066 0.840852 0.618105 0.617949 0.343529 0.343617
4.56 -0.522863 1.22155 -1.14442 0.543748 0.617654 0.843931 0.616456 0.6163 0.346478 0.346567
4.58 -0.522797 1.22777 -1.1532 0.543748 0.617654 0.843931 0.616456 0.6163 0.346478 0.346567
4.6 -0.522797 1.22777 -1.1532 0.548601 0.634524 0.849671 0.613177 0.613021 0.352247 0.352338
4.62 -0.522735 1.23405 -1.16206 0.550969 0.643112 0.85258 0.611502 0.611346 0.355145 0.355237
4.64 -0.522635 1.24032 -1.17086 0.553345 0.651689 0.855423 0.609802 0.609647 0.358054 0.358147
4.66 -0.522507 1.24663 -1.17974 0.553345 0.651689 0.855423 0.609802 0.609647 0.358054 0.358147
4.68 -0.522383 1.25296 -1.18856 0.555673 0.66022 0.8582 0.608072 0.607916 0.360984 0.361078
4.7 -0.522189 1.25929 -1.19745 0.555673 0.66022 0.8582 0.608072 0.607916 0.360984 0.361078
4.72 -0.522038 1.26567 -1.20628 0.557955 0.668653 0.860911 0.606337 0.606182 0.363889 0.363983
4.74 -0.521817 1.27206 -1.21519 0.560228 0.677053 0.863554 0.604571 0.604416 0.366814 0.36691
4.76 -0.521604 1.27847 -1.22404 0.562438 0.685376 0.866128 0.60278 0.602626 0.369748 0.369844
4.78 -0.521352 1.28492 -1.23296 0.562438 0.685376 0.866128 0.60278 0.602626 0.369748 0.369844
4.8 -0.521062 1.29136 -1.24183 0.56648 0.701329 0.870774 0.59915 0.598995 0.3756 0.375698
4.82 -0.520764 1.29786 -1.25077 0.568518 0.709292 0.873116 0.597327 0.597173 0.378491 0.37859
4.84 -0.52042 1.30436 -1.25966 0.568518 0.709292 0.873116 0.597327 0.597173 0.378491 0.37859
4.86 -0.520059 1.31092 -1.26862 0.571975 0.723985 0.876947 0.59361 0.593457 0.384291 0.384392
4.88 -0.519662 1.31748 -1.27753 0.573695 0.731185 0.87878 0.591735 0.591582 0.38717 0.387272
4.9 -0.519219 1.32408 -1.28651 0.574787 0.737172 0.879884 0.589855 0.589702 0.390027 0.39013
4.92 -0.518749 1.3307 -1.29546 0.574787 0.737172 0.879884 0.589855 0.589702 0.390027 0.39013
4.94 -0.518211 1.33733 -1.30448 0.566224 0.724684 0.869395 0.587937 0.587784 0.392911 0.393014
4.96 -0.517676 1.34403 -1.31348 0.568266 0.732225 0.87155 0.585995 0.585842 0.3958 0.395905
4.98 -0.517069 1.35072 -1.32252 0.568266 0.732225 0.87155 0.585995 0.585842 0.3958 0.395905
5 -0.516458 1.35746 -1.33151 0.570099 0.739255 0.873388 0.584044 0.583892 0.398672 0.398777
5.02 -0.516458 1.35746 -1.33151 0.571115 0.744607 0.874212 0.582066 0.581913 0.401554 0.40166
5.04 -0.515796 1.36421 -1.34052 0.509055 0.628033 0.802415 0.580093 0.579941 0.404397 0.404505
5.06 -0.515238 1.37156 -1.34949 0.509055 0.628033 0.802415 0.580093 0.579941 0.404397 0.404505
5.08 -0.514969 1.38043 -1.35849 0.512876 0.63717 0.80628 0.578092 0.577941 0.40725 0.407359
5.1 -0.514638 1.38929 -1.36745 0.518164 0.646203 0.810044 0.576073 0.575921 0.410101 0.41021
5.12 -0.514287 1.39822 -1.37644 0.523375 0.655097 0.813728 0.57405 0.573899 0.412926 0.413036
5.14 -0.513877 1.40713 -1.38538 0.523375 0.655097 0.813728 0.57405 0.573899 0.412926 0.413036
5.16 -0.513417 1.41607 -1.39436 0.533687 0.672343 0.820678 0.569944 0.569794 0.418572 0.418684
5.18 -0.512933 1.42503 -1.4033 0.538854 0.680954 0.82412 0.567881 0.567731 0.421366 0.421478
5.2 -0.512366 1.434 -1.4123 0.543977 0.689443 0.82748 0.565815 0.565666 0.424134 0.424247
5.22 -0.51181 1.44301 -1.42129 0.549085 0.697831 0.830755 0.563724 0.563575 0.426908 0.427023
5.24 -0.51115 1.45201 -1.43036 0.549085 0.697831 0.830755 0.563724 0.563575 0.426908 0.427023
5.26 -0.510475 1.46105 -1.43942 0.554242 0.70614 0.833937 0.561589 0.56144 0.429712 0.429827
5.28 -0.509728 1.47009 -1.44852 0.554242 0.70614 0.833937 0.561589 0.56144 0.429712 0.429827
5.3 -0.508936 1.47917 -1.45761 0.559377 0.71433 0.837023 0.559442 0.559294 0.432501 0.432617
5.32 -0.508073 1.48827 -1.46673 0.564533 0.722352 0.84 0.557259 0.55711 0.435309 0.435427
5.34 -0.507138 1.49736 -1.47584 0.569642 0.730169 0.842845 0.555054 0.554907 0.438115 0.438233
5.36 -0.50615 1.5065 -1.48499 0.574602 0.73766 0.845515 0.552842 0.552695 0.440902 0.441021
5.38 -0.505091 1.51564 -1.49413 0.579382 0.744643 0.847875 0.550609 0.550462 0.443686 0.443806
5.4 -0.503956 1.52481 -1.5033 0.583434 0.75019 0.849419 0.548367 0.54822 0.446453 0.446574
5.42 -0.502757 1.534 -1.51248 0.578121 0.737975 0.840566 0.546104 0.545958 0.449217 0.449339
5.44 -0.502757 1.534 -1.51248 0.583047 0.744895 0.842993 0.54383 0.543684 0.451965 0.452088
5.46 -0.501464 1.54319 -1.52169 0.58712 0.750412 0.844601 0.541565 0.54142 0.454675 0.454799
5.48 -0.500125 1.55242 -1.53089 0.581554 0.737825 0.835878 0.539281 0.539136 0.457381 0.457505
5.5 -0.498708 1.56165 -1.5401 0.586515 0.744714 0.838443 0.536987 0.536842 0.460071 0.460196
5.52 -0.497223 1.57091 -1.54932 0.590754 0.750185 0.84021 0.534679 0.534535 0.46275 0.462876
5.54 -0.495673 1.58017 -1.55854 0.58625 0.739337 0.832598 0.532356 0.532212 0.465419 0.465546
5.56 -0.494927 1.58765 -1.56778 0.58625 0.739337 0.832598 0.532356 0.532212 0.465419 0.465546
5.58 -0.495318 1.59274 -1.57704 0.59124 0.745939 0.835089 0.530024 0.529881 0.468071 0.468199
5.6 -0.495658 1.59785 -1.58631 0.591378 0.753007 0.836711 0.527649 0.527507 0.470745 0.470874
5.62 -0.495961 1.60302 -1.59558 0.591378 0.753007 0.836711 0.527649 0.527507 0.470745 0.470874
5.64 -0.496216 1.60818 -1.60485 0.47716 0.550869 0.722584 0.522837 0.522695 0.476082 0.476212
5.66 -0.496441 1.61339 -1.61412 0.479925 0.562929 0.728081 0.520423 0.520282 0.478717 0.478849
5.68 -0.496613 1.61861 -1.62341 0.48263 0.574857 0.733464 0.518 0.517859 0.481337 0.481469
5.7 -0.496756 1.62384 -1.6327 0.48263 0.574857 0.733464 0.518 0.517859 0.481337 0.481469
5.72 -0.496852 1.6291 -1.642 0.485274 0.586642 0.738737 0.515561 0.515421 0.483946 0.48408
5.74 -0.496915 1.63435 -1.65129 0.487646 0.598224 0.743894 0.513089 0.512949 0.486566 0.4867
5.76 -0.496915 1.63435 -1.65129 0.487816 0.598293 0.743902 0.513086 0.512947 0.486568 0.486702
5.78 -0.496936 1.63964 -1.66061 0.490094 0.609735 0.748953 0.510603 0.510464 0.489172 0.489307
5.801 -0.496929 1.64492 -1.66992 0.490094 0.609735 0.748953 0.510603 0.510464 0.489172 0.489307
5.82 -0.496929 1.64492 -1.66992 0.49242 0.621105 0.753908 0.508103 0.507964 0.491767 0.491903
5.84 -0.496785 1.65549 -1.68859 0.494583 0.63233 0.758761 0.505591 0.505454 0.494348 0.494484
5.861 -0.496314 1.66717 -1.70732 0.494583 0.63233 0.758761 0.505591 0.505454 0.494348 0.494484
5.88 -0.496314 1.66717 -1.70732 0.496708 0.643419 0.763514 0.50304 0.502903 0.496942 0.497079
5.9 -0.495783 1.67455 -1.71671 0.497706 0.64338 0.763504 0.502989 0.502851 0.496994 0.497131
5.92 -0.495212 1.68178 -1.72611 0.497706 0.64338 0.763504 0.502989 0.502851 0.496994 0.497131
5.94 -0.495212 1.68178 -1.72611 0.501744 0.654244 0.768137 0.500368 0.500231 0.499631 0.49977
5.96 -0.494166 1.69459 -1.74496 0.505519 0.664942 0.772675 0.497733 0.497596 0.502255 0.502394
5.98 -0.49341 1.70176 -1.75439 0.505519 0.664942 0.772675 0.497733 0.497596 0.502255 0.502394
6 -0.492579 1.709 -1.76385 0.508479 0.675479 0.777125 0.495056 0.494921 0.504892 0.505032
6.02 -0.491714 1.71603 -1.77231 0.509219 0.67543 0.777117 0.49503 0.494895 0.504917 0.505057
6.04 -0.491714 1.71603 -1.77231 0.509219 0.67543 0.777117 0.49503 0.494895 0.504917 0.505057
6.06 -0.490959 1.72242 -1.77758 0.512154 0.685198 0.781481 0.492532 0.492397 0.507353 0.507494
6.081 -0.489714 1.73328 -1.79394 0.512436 0.693163 0.785804 0.490807 0.490672 0.509021 0.509163
6.1 -0.489714 1.73328 -1.79394 0.512436 0.693163 0.785804 0.490807 0.490672 0.509021 0.509163
6.12 -0.488501 1.74305 -1.81286 0.513826 0.702579 0.789751 0.488189 0.488055 0.511531 0.511673
6.14 -0.487958 1.74746 -1.82206 0.513832 0.703142 0.789993 0.488025 0.487891 0.511688 0.51183
6.161 -0.487958 1.74746 -1.82206 0.514361 0.712727 0.794106 0.485254 0.48512 0.514315 0.514458
6.182 -0.487298 1.75212 -1.83146 0.514361 0.712727 0.794106 0.485254 0.48512 0.514315 0.514458
6.2 -0.485747 1.7617 -1.85055 0.515078 0.722188 0.798125 0.482433 0.4823 0.51696 0.517104
6.22 -0.485747 1.7617 -1.85055 0.515078 0.722188 0.798125 0.482433 0.4823 0.51696 0.517104
6.24 -0.484063 1.77108 -1.8694 0.51603 0.731494 0.802051 0.479529 0.479397 0.519653 0.519798
6.26 -0.484063 1.77108 -1.8694 0.515954 0.731474 0.802053 0.479529 0.479397 0.519653 0.519798
6.28 -0.483125 1.77583 -1.87886 0.516662 0.74046 0.805896 0.476631 0.4765 0.522312 0.522457
6.3 -0.482121 1.78062 -1.88833 0.516662 0.74046 0.805896 0.476631 0.4765 0.522312 0.522457
6.32 -0.482121 1.78062 -1.88833 0.517277 0.749227 0.809651 0.473707 0.473576 0.524964 0.52511
6.34 -0.481315 1.78473 -1.89744 0.517819 0.757769 0.813316 0.470768 0.470638 0.527599 0.527746
6.36 -0.480415 1.79067 -1.9146 0.517819 0.757769 0.813316 0.470768 0.470638 0.527599 0.527746
6.38 -0.479469 1.7949 -1.92322 0.517356 0.765958 0.816914 0.467913 0.467784 0.530131 0.53028
6.4 -0.478463 1.79921 -1.9318 0.515727 0.765629 0.816954 0.468011 0.467881 0.530045 0.530194
6.42 -0.477581 1.80305 -1.93934 0.515727 0.765629 0.816954 0.468011 0.467881 0.530045 0.530194
6.441 -0.477581 1.80305 -1.93934 0.515076 0.773259 0.820477 0.465203 0.465074 0.53251 0.532659
6.46 -0.477 1.80601 -1.94477 0.512987 0.779764 0.823785 0.462814 0.462686 0.534587 0.534736
6.48 -0.476403 1.80896 -1.9502 0.512987 0.779764 0.823785 0.462814 0.462686 0.534587 0.534736
6.5 -0.476403 1.80896 -1.9502 0.508456 0.785513 0.827259 0.460813 0.460686 0.536311 0.536461
6.52 -0.474534 1.8165 -1.95327 0.508456 0.785513 0.827259 0.460813 0.460686 0.536311 0.536461
6.54 -0.473198 1.82275 -1.95352 0.503853 0.791099 0.830659 0.458813 0.458686 0.538022 0.538173
6.561 -0.473198 1.82275 -1.95352 0.495404 0.793747 0.834039 0.458257 0.45813 0.538496 0.538647
6.581 -0.47246 1.83086 -1.95929 0.495404 0.793747 0.834039 0.458257 0.45813 0.538496 0.538647
6.6 -0.47246 1.83086 -1.95929 0.487513 0.796171 0.837169 0.457735 0.457609 0.538938 0.53909
6.62 -0.472549 1.83741 -1.96898 0.492774 0.800221 0.837205 0.456212 0.456085 0.540228 0.54038
6.641 -0.472565 1.84397 -1.97865 0.492774 0.800221 0.837205 0.456212 0.456085 0.540228 0.54038
6.66 -0.472565 1.84397 -1.97865 0.493921 0.808622 0.839815 0.453092 0.452966 0.542846 0.542999
6.68 -0.472876 1.856 -1.99787 0.494527 0.815676 0.84176 0.449966 0.449841 0.545438 0.545592
6.7 -0.472679 1.86255 -2.00759 0.494527 0.815676 0.84176 0.449966 0.449841 0.545438 0.545592
6.721 -0.472502 1.86887 -2.01729 0.490499 0.811764 0.837821 0.446818 0.446694 0.548018 0.548173
6.74 -0.472337 1.87502 -2.02702 0.490733 0.811148 0.837495 0.446764 0.44664 0.548063 0.548217
6.76 -0.472103 1.88117 -2.03654 0.490957 0.818418 0.839812 0.443789 0.443665 0.550473 0.550629
6.78 -0.472103 1.88117 -2.03654 0.490957 0.818418 0.839812 0.443789 0.443665 0.550473 0.550629
6.8 -0.471789 1.8873 -2.04417 0.488651 0.818551 0.838427 0.440749 0.440626 0.552909 0.553065
6.82 -0.471427 1.89343 -2.05181 0.486753 0.823032 0.83992 0.438049 0.437927 0.555049 0.555206
6.84 -0.470555 1.90568 -2.06714 0.486753 0.823032 0.83992 0.438049 0.437927 0.555049 0.555206
6.86 -0.470555 1.90568 -2.06714 0.345535 0.455 0.650759 0.435486 0.435365 0.557061 0.557218
6.88 -0.469446 1.91789 -2.08252 0.345535 0.455 0.650759 0.435486 0.435365 0.557061 0.557218
6.9 -0.46882 1.92398 -2.09026 0.344719 0.46551 0.656487 0.432884 0.432763 0.559084 0.559242
6.92 -0.468771 1.92895 -2.09782 0.344537 0.478248 0.663353 0.430076 0.429956 0.561246 0.561405
6.94 -0.469075 1.93324 -2.10528 0.344537 0.478248 0.663353 0.430076 0.429956 0.561246 0.561405
6.96 -0.469075 1.93324 -2.10528 0.343105 0.490064 0.669731 0.427456 0.427336 0.563243 0.563403
6.98 -0.469351 1.93754 -2.11272 0.343105 0.490064 0.669731 0.427456 0.427336 0.563243 0.563403
7.002 -0.469104 1.9472 -2.12087 0.340685 0.502257 0.676338 0.424715 0.424596 0.565312 0.565472
7.02 -0.469104 1.9472 -2.12087 0.337524 0.511549 0.681794 0.423255 0.423137 0.566404 0.566565
7.04 -0.4676 1.95879 -2.12492 0.337524 0.511549 0.681794 0.423255 0.423137 0.566404 0.566565
7.06 -0.466737 1.96473 -2.12658 0.333787 0.522392 0.688164 0.421536 0.421418 0.567684 0.567845
7.08 -0.466737 1.96473 -2.12658 0.334079 0.521942 0.688165 0.422059 0.421941 0.567296 0.567457
7.1 -0.466516 1.96954 -2.12826 0.334079 0.521942 0.688165 0.422059 0.421941 0.567296 0.567457
7.12 -0.466516 1.96954 -2.12826 0.330609 0.532103 0.694407 0.420862 0.420744 0.568184 0.568345
7.14 -0.466172 1.97903 -2.13356 0.329359 0.532058 0.69441 0.420852 0.420735 0.568191 0.568352
7.16 -0.466323 1.98338 -2.14208 0.3259 0.541991 0.700526 0.419666 0.419548 0.569068 0.569229
7.18 -0.466432 1.98773 -2.1506 0.32556 0.542526 0.700524 0.419121 0.419004 0.569469 0.569631
7.2 -0.466136 1.9924 -2.15328 0.32556 0.542526 0.700524 0.419121 0.419004 0.569469 0.569631
7.221 -0.466136 1.9924 -2.15328 0.324314 0.553643 0.706497 0.416582 0.416465 0.571327 0.57149
7.24 -0.46589 1.99703 -2.15657 0.321153 0.552421 0.706517 0.417597 0.41748 0.570587 0.570749
7.26 -0.465888 2.00576 -2.1714 0.321153 0.552421 0.706517 0.417597 0.41748 0.570587 0.570749
7.283 -0.465777 2.01017 -2.17799 0.317161 0.562337 0.712386 0.415865 0.415748 0.571849 0.572012
7.3 -0.465325 2.01475 -2.17966 0.318809 0.563433 0.712373 0.414744 0.414628 0.572662 0.572825
7.32 -0.464943 2.0193 -2.18266 0.31519 0.571354 0.717167 0.41348 0.413364 0.573575 0.573738
