robot state:time  position_x  position_y orientation_z
 0.00600000000009 0.00268079726118 0.00883784232867 0.000577140326942
0.00700000000006 0.00268079726118 0.00883784232867 0.000577140326942
0.056 0.0269486082742 0.108178286364 0.000613112206956
0.107 0.0510235231981 0.207780865343 0.000659552721092
0.157 0.0659510419447 0.320157453107 0.00108448099387
0.207 0.0820361250066 0.433895336243 0.00148945307826
0.258 0.104784691564 0.538802820758 0.00164966999082
0.306 0.127987926765 0.641102650792 0.00179701245008
0.357 0.160061641866 0.740814892117 0.00187908782633
0.406 0.193775666304 0.841613002559 0.0019653355878
0.456 0.232698582348 0.930077003269 0.0020631317144
0.507 0.274692813272 1.0233805272 0.00217003789278
0.559 0.326266758511 1.11175667046 0.00230782397893
0.606 0.372467824124 1.18957573475 0.00242990740894
0.657 0.430209542681 1.26494628823 0.00257276875916
0.707 0.487665444332 1.3377778097 0.00271261355864
0.76 0.553997547374 1.40530846239 0.00285978002013
0.811 0.621278552324 1.4716517126 0.00300186270779
0.857 0.686292514128 1.52349063005 0.00309846012815
0.906 0.755918682984 1.5782684753 0.00320154361162
0.958 0.837478215606 1.62988841983 0.00333898063354
1.007 0.910576726397 1.67494311845 0.00352441138157
1.057 0.995593200444 1.71833839175 0.00420390984821
1.107 1.07749597421 1.75960223722 0.00483388493621
1.157 1.16408471367 1.79549495128 0.00522156635312
1.207 1.25116023919 1.83091444705 0.00559604308297
1.256 1.34100947122 1.86090769032 0.00584685558216
1.307 1.43486630013 1.89160407036 0.00610374436956
1.357 1.52998877121 1.91651597725 0.0063243242289
1.407 1.62535902452 1.94081899313 0.00654083711372
1.458 1.72499940123 1.95966671222 0.00672454880712
1.506 1.81891137761 1.97683424572 0.00689295577643
1.557 1.92026583858 1.9879846883 0.00702174598744
1.607 2.01969742642 1.99803517417 0.00714197360319
1.657 2.1197768044 1.99998608504 0.0072049287129
1.707 2.21983402148 2.00114944575 0.00726511548326
1.757 2.32761681218 1.99248427419 0.0072808515049
1.807 2.42131848539 1.98394536874 0.00729707219405
1.856 2.51783715104 1.96378898868 0.00734345928593
1.906 2.616135338 1.94223822245 0.00739483557666
1.957 2.71228539935 1.90923332028 0.00749268996735
2.007 2.80995086998 1.87402582993 0.00759512862033
2.058 2.90270646871 1.82800323907 0.00770578322365
2.108 2.99494043087 1.78049984251 0.00781077758573
2.158 3.08329421665 1.72200590461 0.00793134255108
2.207 3.16943434918 1.66346903316 0.00805056692548
2.256 3.25148645046 1.59415058533 0.00817572135096
2.306 3.33610927262 1.52117508427 0.00830132304301
2.356 3.41180505954 1.44207805391 0.00837607863546
2.407 3.48681878879 1.36189226963 0.0084477875025
2.457 3.55675388149 1.27364792647 0.00849724590023
2.508 3.62693016755 1.18320207377 0.00854982910188
2.557 3.6860043437 1.09306804399 0.00861890147797
2.607 3.7465042002 0.99881114844 0.00871213696553
2.656 3.79754862552 0.904925677551 0.0089611939352
2.706 3.84990223768 0.807233133226 0.00920661800997
2.756 3.8910546339 0.713241409547 0.00929517876995
2.807 3.93247353766 0.617317209166 0.00937979062383
2.857 3.96472810643 0.520976601468 0.00937980161667
2.906 3.99772169281 0.417014285366 0.00937271305217
2.958 4.01841615712 0.326904814434 0.00933536477487
3.008 4.03952950618 0.231262614554 0.00929493446611
3.057 4.05007498131 0.140072399472 0.00924389283822
3.106 4.05955145333 0.047119264126 0.00919166058724
3.156 4.05970267679 -0.0451437528868 0.00914120678524
3.207 4.05854013096 -0.138881162206 0.0090923063626
3.258 4.04777968242 -0.228094873803 0.00906437454671
3.307 4.03631790887 -0.315547887509 0.0090398216819
3.358 4.01378031927 -0.406783748354 0.00904940876829
3.408 3.99019004958 -0.496332741582 0.00906591025616
3.458 3.95744522156 -0.586479254802 0.00912811263119
3.506 3.923532529 -0.67639671904 0.00918912352255
3.558 3.88098316482 -0.764608683585 0.00924134274415
3.607 3.83723608936 -0.852866534909 0.00929333776383
3.658 3.78464713051 -0.941433034811 0.00934363430321
3.707 3.73219575705 -1.02808746652 0.00938875427149
3.757 3.67044106442 -1.11515448574 0.00940080746921
3.807 3.608063265 -1.20190703378 0.00940888252568
3.857 3.53849312778 -1.28502377073 0.00937111763353
3.906 3.46777628609 -1.36784193464 0.00932635647214
3.957 3.38710789405 -1.45010642945 0.0092286650037
4.006 3.30762178861 -1.52969491745 0.009095863558
4.058 3.22468241025 -1.59976283817 0.00863288032448
4.109 3.13917146024 -1.67023625981 0.00820596550392
4.157 3.05272632878 -1.73001479537 0.00812691198717
4.206 2.96403662111 -1.79017535089 0.00804708403688
4.257 2.86466430755 -1.8439285709 0.00796808234494
4.307 2.77058398327 -1.89303097352 0.00788822382707
4.357 2.67144777351 -1.93184798574 0.0077700426043
4.406 2.57225806172 -1.9691981421 0.00765126049847
4.456 2.47266241663 -1.99353376605 0.00752699941181
4.507 2.37304583062 -2.01702700832 0.00740203493631
4.557 2.27319242627 -2.02768552032 0.00726592046934
4.606 2.17308152866 -2.03737571437 0.00712734765002
4.657 2.07004959078 -2.03621937867 0.00694838804167
4.707 1.96504118344 -2.03377160577 0.00677058002889
4.759 1.86075852188 -2.01992735332 0.00663709818876
4.81 1.75684054294 -2.00419258423 0.00651203184015
4.857 1.66257712784 -1.98161074052 0.00643293544518
4.907 1.56277318752 -1.95658971836 0.00633737777224
4.957 1.46641003302 -1.92433078291 0.00628211890602
5.007 1.37052770066 -1.89140397677 0.00622434493972
5.057 1.27894548659 -1.85254945315 0.00614382927763
5.107 1.18773667145 -1.81308382039 0.00605742694243
5.157 1.09808865957 -1.76733876814 0.00591499611044
5.209 1.00908780719 -1.72080089212 0.00576582966652
5.256 0.929151633533 -1.67249644204 0.00558059131719
5.307 0.846829622511 -1.62171315723 0.00538145335792
5.358 0.769814562547 -1.56663257688 0.00513180594075
5.407 0.69644718314 -1.51296275795 0.00488861466273
5.456 0.624684485684 -1.45182652883 0.00460407671939
5.506 0.556471072082 -1.39267730421 0.00432184182334
5.558 0.493862083125 -1.32683519149 0.00391435454232
5.607 0.433226587538 -1.26154629741 0.00349701487439
5.656 0.380025133228 -1.19147519498 0.00292626885881
5.706 0.326502584067 -1.11942080229 0.0023860581539
5.757 0.279901942459 -1.04009342351 0.00234062488284
5.806 0.235871348044 -0.962967404814 0.00229505489319
5.856 0.197647480354 -0.876217367986 0.00221594816929
5.907 0.159609400552 -0.787050621855 0.00212864278682
5.956 0.131308418538 -0.695352241163 0.00198441242518
6.007 0.102763734935 -0.599255435395 0.00183374161136
6.056 0.0830748629105 -0.501103798688 0.00169111000877
6.106 0.0634814594405 -0.396023017508 0.00153937917763
6.157 0.0527160477145 -0.291439072043 0.00139589745871
6.206 0.0428787550833 -0.186717624986 0.00125769357684
6.259 0.0409182933392 -0.0722704350811 0.00115145906536
6.306 0.040046393299 0.0294436101698 0.00106080676079
