robot state:time  position_x  position_y orientation_z
 0.011 -0.000354213987489 0.0176910400061 0.0013711727362
0.012 -0.000356069873249 0.019685683963 0.00137230154364
0.061 -0.000468195696953 0.117445878573 0.00135338285864
0.112 0.00169537231163 0.219084182762 0.00134542640327
0.162 0.0110650512232 0.318375753545 0.00136262865966
0.211 0.0226284748598 0.417342935181 0.00137998607788
0.263 0.0423644949749 0.517115073845 0.00139347784002
0.312 0.0636282346788 0.612396232616 0.00141472792464
0.361 0.0919881644349 0.705889129527 0.0014275424127
0.413 0.124526744673 0.80422599587 0.00144563128871
0.462 0.162097101096 0.89439888108 0.00146690701804
0.512 0.202413973638 0.985464202291 0.00148431774431
0.562 0.24976166393 1.07316757376 0.00150173732194
0.612 0.299156534762 1.15962693128 0.00151916575317
0.662 0.35504088879 1.24214349681 0.00153660304026
0.713 0.414114385869 1.32474760857 0.00155017711746
0.762 0.476699066126 1.39972201124 0.00157150419105
0.813 0.543742503898 1.47599433988 0.00158509658778
0.862 0.613517420874 1.54432595818 0.00160644079225
0.913 0.687859349358 1.61350298542 0.00162005151842
0.962 0.764125916761 1.67450763907 0.00164141286179
1.012 0.843349658478 1.73481415991 0.00165891220275
1.062 0.927016926682 1.78896325973 0.00167642041748
1.112 1.01188506665 1.84103960018 0.0016939375082
1.162 1.10056027572 1.88654593863 0.00171146347711
1.212 1.1902235777 1.9298700585 0.00172899832644
1.263 1.28487445605 1.96700485482 0.00174267328305
1.311 1.37658089191 2.00041433654 0.00176409467516
1.362 1.4725692071 2.02735648419 0.00178165617896
1.412 1.56905185459 2.05213688713 0.00179922657197
1.462 1.66728977323 2.06924436002 0.0018168058564
1.512 1.76781154123 2.08414419583 0.00183052676509
1.561 1.86330299466 2.09114800465 0.00184742007494
1.612 1.96481947457 2.09647861362 0.00186234622443
1.662 2.06454059921 2.09417568931 0.00186304776715
1.714 2.1680435167 2.08901723424 0.00186377856076
1.764 2.26702387363 2.0768459742 0.00186447088675
1.812 2.36162859588 2.06279911007 0.00186512595239
1.861 2.46081755037 2.04034474759 0.00186590302565
1.913 2.5573584178 2.01582815633 0.00186656508072
1.962 2.65000494962 1.98482335298 0.00186711250676
2.014 2.74729875741 1.94931662169 0.00186777973001
2.062 2.83454347534 1.91001477074 0.00186838580732
2.113 2.92958234212 1.86410621769 0.00186913575086
2.162 3.01067092397 1.817182828 0.00186961813849
2.211 3.09402380133 1.76643781701 0.001870298827
2.263 3.17814093529 1.7058869003 0.00187091301061
2.311 3.25441431388 1.64827625149 0.00187147006954
2.362 3.33054813797 1.58092560556 0.00187195950077
2.412 3.40351036788 1.51318183465 0.00187251908231
2.462 3.47115999148 1.44000792097 0.0018730683357
2.512 3.53696919736 1.36529532205 0.00187360724866
2.561 3.59695023548 1.28571006919 0.00187413580891
2.612 3.65494643773 1.20477754691 0.00187465400416
2.662 3.70665714048 1.11957854462 0.00187516182211
2.711 3.75539880999 1.03503735221 0.00187574191524
2.763 3.80003690707 0.941479918016 0.00187624849227
2.812 3.83988797782 0.852392908705 0.00187662288917
2.864 3.87493648724 0.754822294957 0.00187710750528
2.911 3.90451061957 0.665992317665 0.00187762858702
2.961 3.92865116977 0.569255391115 0.00187807415797
3.011 3.95063497694 0.472089460445 0.00187850926547
3.061 3.96497210578 0.373402631982 0.00186708728545
3.111 3.97729596999 0.27452283753 0.00184894598587
3.162 3.98166320666 0.172876432121 0.0018299913767
3.212 3.98368412174 0.0732349127445 0.00182074496088
3.262 3.97855720605 -0.0263756679315 0.00183810423022
3.312 3.97104766846 -0.125738126949 0.00185564648681
3.362 3.95598556514 -0.224314645675 0.00187314366731
3.411 3.93807963571 -0.324338127291 0.00189520123062
3.462 3.91373303467 -0.418962888609 0.00190808986489
3.512 3.88660261087 -0.514803023457 0.00192556153348
3.562 3.85222600206 -0.608373425334 0.0019430423158
3.612 3.81564631686 -0.701003126578 0.00196053221453
3.661 3.77295331009 -0.788859005275 0.00198190540873
3.712 3.72642152433 -0.87914410617 0.0019955393716
3.763 3.67306149924 -0.965670632816 0.00201763105685
3.812 3.61982339432 -1.04744364233 0.00203058302543
3.862 3.55928541246 -1.12660530208 0.00204811854508
3.911 3.49843510958 -1.20289337224 0.00206953581464
3.962 3.42891626345 -1.27704849174 0.00208321698275
4.012 3.35909630148 -1.34802619444 0.00210077990591
4.061 3.28400348023 -1.41353987549 0.00211835196871
4.112 3.2075386719 -1.47731138714 0.0021359331737
4.161 3.12620350287 -1.53489950071 0.00215352352346
4.211 3.04532629223 -1.58950295378 0.00217499376003
4.261 2.95867789174 -1.63875069623 0.00219260209299
4.311 2.87103961282 -1.68603868321 0.00221021957812
4.362 2.77806506435 -1.72717694927 0.00222397642106
4.412 2.68605129597 -1.76527380888 0.00224161253282
4.462 2.59130670346 -1.79628540708 0.00225925780461
4.512 2.49592808241 -1.82498696287 0.00227691223895
4.561 2.40048592425 -1.84593902657 0.00229844437486
4.612 2.30074973054 -1.8653836149 0.00231224860538
4.662 2.20169052959 -1.8769146858 0.00232993054252
4.711 2.1044623536 -1.88602502937 0.00235148754175
4.762 2.00272992151 -1.88762127255 0.00236531971896
4.813 1.90107816147 -1.88674971768 0.00237936730536
4.861 1.80364862438 -1.87897760815 0.00238033331722
4.912 1.70454469183 -1.86866765008 0.00238121137116
4.961 1.60840038115 -1.8511827555 0.0023819677484
5.012 1.50888543126 -1.83065164017 0.002382936861
5.062 1.41307691159 -1.8030829062 0.00238378427235
5.112 1.31804989772 -1.77324621273 0.00238462144492
5.162 1.22549775861 -1.7362272949 0.00238544836638
5.212 1.13394963277 -1.69702976101 0.00238626502443
5.262 1.04558102188 -1.6509329447 0.00238707140674
5.312 0.958327520844 -1.6029409265 0.00238786750098
5.362 0.875027790848 -1.54822919551 0.00238865329482
5.411 0.794573535007 -1.49299757983 0.00238931850194
5.462 0.715630669993 -1.42896546509 0.00239019393195
5.511 0.639837522564 -1.36440325015 0.00239094875054
5.562 0.569120712694 -1.2941894526 0.00239169321934
5.612 0.500177043543 -1.22235996417 0.002392427326
5.662 0.436848555844 -1.14541389614 0.00239315105815
5.712 0.375285174469 -1.0671564441 0.00239386440342
5.763 0.318872902674 -0.982590147582 0.0023944859411
5.813 0.265798277805 -0.898349176854 0.00239517819753
5.862 0.220007543065 -0.812073524596 0.00239594199418
5.912 0.175452508664 -0.723016547524 0.00239661366813
5.962 0.137773898105 -0.63073085246 0.00239727489328
6.012 0.102357643749 -0.537647470573 0.00239792565722
6.061 0.0746696405143 -0.44394914491 0.0023984574715
6.112 0.0481846304144 -0.345860635496 0.00239919575187
6.163 0.0292722718359 -0.245924495395 0.00239973142438
6.212 0.0134796496057 -0.149577086048 0.00240042385278
6.263 0.00466550590126 -0.0482292328533 0.002380510544
6.312 -0.00168657742101 0.0492283565405 0.00237513250969
