robot state:time  position_x  position_y orientation_z
 0.00299999999993 -0.000932946123008 0.00381779438911 0.00326406107035
0.00299999999993 -0.000932946123008 0.00381779438911 0.00326406107035
0.053 0.0245051114565 0.126646100157 0.00320519554735
0.104 0.0486668516149 0.244933863268 0.00315759825251
0.154 0.0606416697859 0.331556973449 0.00330208603551
0.204 0.0727562943838 0.415874331079 0.0034584290617
0.254 0.103502943116 0.541442512063 0.00387932678252
0.303 0.127201233847 0.637216315721 0.00420501990706
0.353 0.159161140814 0.734745167956 0.00476545853234
0.404 0.191415539323 0.832227139172 0.00532427841659
0.454 0.23265049956 0.925884398235 0.00604286149514
0.503 0.273227999922 1.01730484191 0.00675768075352
0.553 0.321620464772 1.1005454889 0.00763451635954
0.605 0.371555480645 1.18494797486 0.00853703451262
0.654 0.427587567609 1.25947919243 0.00955273184346
0.704 0.484824657038 1.33516074282 0.0105903987778
0.755 0.548396325817 1.40056131146 0.0117817889787
0.803 0.609680873272 1.46328216081 0.0129402194703
0.854 0.680505824557 1.52122345284 0.0142476071261
0.905 0.754266637198 1.58133328027 0.0156122982355
0.959 0.836021168768 1.63400853257 0.0171271710085
1.004 0.907241943861 1.67949273781 0.0184527363849
1.054 0.988992659219 1.72150920602 0.0199774402438
1.104 1.0725243044 1.76421797702 0.0215351871634
1.153 1.15978925096 1.80059874991 0.0231918690779
1.21 1.25983080128 1.84121942402 0.0250936584422
1.254 1.33987481696 1.86788107626 0.0266369569999
1.303 1.42923422418 1.89752163721 0.0283651540083
1.353 1.52527075694 1.92273752954 0.0302081734988
1.404 1.62130866765 1.94783894837 0.0320558089875
1.454 1.71876722719 1.9659530312 0.0339773937356
1.504 1.8162379847 1.98395671183 0.0359029621716
1.554 1.9169330264 1.99495129862 0.037928528313
1.604 2.01385773793 2.0051682268 0.039887689756
1.654 2.11728894918 2.00762428197 0.0419756513422
1.703 2.2165690437 2.00972109435 0.0439877542358
1.754 2.31654140733 2.00177560406 0.046075357255
1.804 2.41650353251 1.99327203258 0.0481500067783
1.853 2.51402104922 1.97434275325 0.0502188090095
1.905 2.61733580466 1.95333217148 0.0524165106
1.955 2.71638529636 1.92058557141 0.0546019155884
2.004 2.81133849835 1.8884649979 0.0567051376696
2.054 2.90256896865 1.84470817732 0.058827202732
2.103 2.99564299237 1.79964173418 0.0609942566382
2.154 3.08746299518 1.74100299434 0.0632203062205
2.203 3.17564123828 1.68456584764 0.0653571015341
2.253 3.2589620544 1.61574536022 0.0675430315425
2.304 3.3423099483 1.54658829458 0.0697279525485
2.354 3.42166882099 1.46678292522 0.0719124713773
2.404 3.50078751721 1.3868173571 0.0740981338618
2.456 3.57520540274 1.29400051413 0.0764012997334
2.504 3.64107206348 1.21159441178 0.078442969334
2.554 3.70379212055 1.11833412241 0.0805956495075
2.604 3.76629046814 1.02508975391 0.0827463067171
2.654 3.82046864143 0.926135971507 0.0849121075454
2.704 3.87230996742 0.83116870165 0.0869910409548
2.756 3.91754146214 0.728846263475 0.0891608536994
2.804 3.95901435834 0.63454715183 0.0911607482446
2.854 3.99206006023 0.536094175127 0.0932018375339
2.904 4.02481866609 0.437835707274 0.0952394401514
2.955 4.04758639104 0.338646897508 0.0972669484498
3.005 4.06936724264 0.241604382438 0.0992498549387
3.053 4.08027396376 0.149769112857 0.101100243958
3.103 4.09178240017 0.0522629134027 0.10306020065
3.154 4.09237345041 -0.0445348248725 0.104872323194
3.203 4.09250217567 -0.137407803374 0.106644452972
3.254 4.0818791197 -0.230069933223 0.108463925508
3.304 4.07135628697 -0.322720364792 0.110281940328
3.353 4.04941517177 -0.412928825739 0.11203739048
3.404 4.02717531482 -0.503344232975 0.113785559467
3.453 3.99555938729 -0.595874951239 0.11542607953
3.503 3.96328142596 -0.688431002182 0.117059082109
3.553 3.92102194272 -0.778357024924 0.118581138543
3.604 3.87674791537 -0.871932219677 0.120156827155
3.654 3.82461636553 -0.961179838238 0.121622639519
3.704 3.7721532796 -1.0505498285 0.123077480428
3.754 3.71055319846 -1.13962972701 0.12441397307
3.804 3.64859536083 -1.2286906952 0.125743895957
3.853 3.57890742047 -1.31329261354 0.126954327871
3.904 3.49843641323 -1.40914850862 0.128315902606
3.954 3.42787579076 -1.48048135303 0.1293130709
4.004 3.34762439618 -1.56113923252 0.130445333579
4.053 3.26191377059 -1.63479880149 0.131438203989
4.103 3.17963120327 -1.7054662091 0.132388727355
4.154 3.08350852852 -1.7716247974 0.133291898289
4.203 2.99295505545 -1.83388218659 0.134135819499
4.254 2.89640083521 -1.88551363884 0.134875768742
4.303 2.79747093969 -1.93747536009 0.135624332384
4.357 2.68626028826 -1.98206885582 0.136280970622
4.403 2.59352261345 -2.01803629819 0.13681307426
4.453 2.48929583535 -2.04321292941 0.137288658045
4.509 2.37880893681 -2.06841227225 0.137780747074
4.555 2.27852091603 -2.07999174175 0.138105738023
4.604 2.17596682545 -2.09089024195 0.138419700742
4.655 2.0670700723 -2.09070290135 0.138575219293
4.704 1.96264687968 -2.08971028571 0.138705061337
4.754 1.85925168595 -2.07551301957 0.138738361772
4.809 1.74570146652 -2.05841901122 0.138750339804
4.853 1.6557402662 -2.03776093766 0.138655321329
4.903 1.55364980122 -2.01386370771 0.138541659853
4.956 1.44883865741 -1.97828758523 0.138278797539
5.004 1.3541974433 -1.94560685564 0.138030416973
5.054 1.25979797287 -1.90506543253 0.13763807157
5.104 1.1657163464 -1.86407904687 0.137237118316
5.154 1.07614976639 -1.81720948638 0.1367019752
5.205 0.985324246109 -1.76877759149 0.136139886043
5.254 0.902372106471 -1.71750415251 0.135477319397
5.303 0.819779189282 -1.66592967527 0.134805197772
5.354 0.741036374565 -1.60751389351 0.133970543302
5.404 0.664369705138 -1.54986693752 0.13314182972
5.458 0.589080811117 -1.48328503358 0.132103795757
5.503 0.524180965977 -1.42461296049 0.131184301604
5.554 0.461170319461 -1.35812925939 0.130106601116
5.606 0.395234110954 -1.28699103248 0.12894975011
5.654 0.343105278071 -1.21639338816 0.127759998406
5.704 0.289231489026 -1.14245711618 0.126514988016
5.754 0.241471254139 -1.06205811273 0.125139207106
5.803 0.194282986594 -0.981226810788 0.123757797054
5.854 0.154926842221 -0.891318849764 0.122216176082
5.903 0.117864656122 -0.804424233136 0.120730306694
5.953 0.0885232113437 -0.711321392614 0.119120625273
6.003 0.0586473066309 -0.614058951988 0.117443403846
6.053 0.0378681643236 -0.512385841322 0.115674717765
6.103 0.0178069041003 -0.410429690702 0.113899834031
6.153 0.0055699007441 -0.292716120895 0.111814458417
6.203 -0.00356714552324 -0.196182893621 0.11010400091
6.253 -0.0054490054124 -0.0860280125388 0.108091487828
6.303 -0.00674170647701 0.0241588232229 0.106084279364
