robot state:time  position_x  position_y orientation_z
 0.0410000000001 0.0208640391705 0.0782284854362 0.000263014345356
0.042 0.0213585040944 0.080223718208 0.000268323504752
0.092 0.0460618563216 0.179994313366 0.000274397401684
0.141 0.0778375462214 0.285167882774 0.000462615612518
0.192 0.112632784034 0.396381037351 0.000722370475417
0.242 0.15338928704 0.510812250357 0.0011631205792
0.291 0.194867202696 0.624310829436 0.00163660514198
0.342 0.244718708544 0.74720625902 0.00233431615735
0.392 0.293036437021 0.863687284488 0.0030442600982
0.441 0.346119290114 0.978886568499 0.00393031837993
0.492 0.402302485525 1.09857724296 0.00490449315755
0.542 0.461373598657 1.21066562125 0.00604273459454
0.591 0.519918225146 1.31949276378 0.00719425052134
0.642 0.584054619351 1.42389236111 0.00858642594455
0.691 0.646211742708 1.52225640384 0.00995898813535
0.741 0.712046942732 1.61151185812 0.0115371302724
0.791 0.779683365217 1.69952311342 0.0132008971049
0.841 0.847961934001 1.77263932669 0.0150040209395
0.891 0.916542523547 1.84265957126 0.0168511395272
0.941 0.986658710228 1.89931120617 0.0188689563626
0.992 1.05699875402 1.95284477267 0.0209293791178
1.042 1.12854506934 1.99395378528 0.0231563688155
1.091 1.20026957995 2.03220732833 0.0254248975476
1.142 1.27293962344 2.05986041089 0.027857845752
1.191 1.34426894274 2.08495652344 0.0302731376987
1.242 1.41918698652 2.10329933466 0.032952693643
1.291 1.4912886539 2.11915177409 0.0355602089439
1.343 1.56826545411 2.13082288389 0.0384911010154
1.392 1.6408644189 2.1409898516 0.0412925666968
1.442 1.71515638649 2.14911595803 0.0442891401365
1.491 1.78947603282 2.15693976253 0.0473254933049
1.543 1.86532962577 2.16445429387 0.0505650827633
1.592 1.93818269541 2.17195111074 0.0537155815002
1.642 2.01247757945 2.18000714559 0.057060560914
1.692 2.08671689735 2.18854799957 0.0604386040811
1.743 2.16242801598 2.19734856602 0.0640112419786
1.792 2.23511981038 2.20623135644 0.0674782444873
1.841 2.30797164914 2.21382800488 0.0710510853919
1.891 2.38232026977 2.2215941777 0.0747340173843
1.941 2.45714731979 2.22588406428 0.0785244096227
1.991 2.53209424374 2.22961168783 0.0823441998801
2.041 2.60947782385 2.22746755422 0.0863422241127
2.091 2.68410306448 2.22426896242 0.0902048155788
2.143 2.76475553882 2.21157242447 0.0943930551518
2.192 2.84122511594 2.19772207903 0.0983392350548
2.242 2.92108734186 2.17223812806 0.102454841278
2.292 3.00160300274 2.14442662984 0.106590964079
2.342 3.08419372421 2.10377070332 0.110806456687
2.391 3.16593229754 2.0613032773 0.114957449452
2.442 3.25300844848 2.0039983765 0.119345336281
2.492 3.34100155046 1.94409767904 0.123751737684
2.543 3.42877754169 1.87316632977 0.128132641652
2.592 3.51563219547 1.80162278082 0.132436188325
2.642 3.60478395517 1.71911673657 0.136880149994
2.692 3.69465664762 1.63451617532 0.141336722131
2.742 3.78364313704 1.54305919228 0.14583660189
2.792 3.87305818984 1.45049894782 0.150345209972
2.841 3.95816649481 1.35649574165 0.154797475932
2.892 4.04676365558 1.25838037559 0.159434072611
2.942 4.1273155621 1.1639441136 0.163916775775
2.991 4.20914850803 1.0681149337 0.168492046897
3.042 4.28604927757 0.972999099369 0.173171198195
3.092 4.36029815723 0.88095183842 0.177762121672
3.143 4.42763405488 0.791529388468 0.18245183765
3.192 4.49095266893 0.707093039695 0.186952734822
3.242 4.54563397722 0.626077972473 0.191541423071
3.291 4.59871220629 0.546566416993 0.196126694818
3.341 4.64420202654 0.465759487162 0.201063035995
3.391 4.68143323896 0.398048033249 0.205262344639
3.442 4.71080359748 0.327431146137 0.209803192561
3.491 4.73769076647 0.259047544295 0.214247389078
3.541 4.75637318896 0.181624294633 0.219286144592
3.592 4.77003083657 0.118241757549 0.223415208351
3.641 4.77463483561 0.0501440903001 0.227683230863
3.691 4.77761176042 -0.021255910866 0.232115899558
3.741 4.77241670086 -0.098448371544 0.236600614768
3.793 4.76549051628 -0.176908964128 0.241076781384
3.842 4.75091568773 -0.25866516585 0.245309342805
3.895 4.73414435435 -0.348580154256 0.249877726276
3.941 4.71220206714 -0.435575435943 0.253852739667
3.992 4.68843785045 -0.529436524591 0.2580702007
4.044 4.65708368301 -0.634227279874 0.262376070376
4.092 4.62732805587 -0.73273860711 0.266329577017
4.143 4.5892546116 -0.842948863473 0.270447408248
4.192 4.55184838295 -0.950382351916 0.27437284857
4.244 4.50492809762 -1.06760448983 0.278443463951
4.292 4.46092039557 -1.17672183397 0.282178405601
4.342 4.40739335645 -1.29025021405 0.285967271756
4.392 4.35287818598 -1.40409671807 0.289730200312
4.444 4.28729990919 -1.51874971506 0.293530635374
4.492 4.22541074767 -1.62412757198 0.2970106923
4.542 4.15183733498 -1.72716048512 0.300523574762
4.593 4.07503593272 -1.83097937026 0.304077953002
4.642 3.99134077239 -1.9209423976 0.307364274825
4.692 3.90445313416 -2.01128804588 0.310693296414
4.741 3.8099563728 -2.08855898522 0.31383482805
4.791 3.70947920998 -2.16648561733 0.317062510992
4.842 3.60225486109 -2.23035414676 0.320096267681
4.893 3.49123094969 -2.2932569191 0.323161083941
4.942 3.37510494857 -2.34202835796 0.326019037205
4.993 3.25780585276 -2.38891361544 0.328847131347
5.043 3.13571482468 -2.42388698206 0.331526124584
5.092 3.0153079657 -2.45647739447 0.334118618793
5.143 2.88819626909 -2.4801220443 0.336668833539
5.192 2.76578088242 -2.50122184834 0.339079716222
5.242 2.64223871652 -2.51456455853 0.341387924633
5.293 2.51657140385 -2.52681711367 0.343708822638
5.342 2.39995644317 -2.53248490861 0.345781779661
5.392 2.282047504 -2.53704513404 0.347859122711
5.443 2.16873508558 -2.53674313641 0.349739793767
5.492 2.06129296663 -2.53566126198 0.351440961233
5.541 1.96199741798 -2.53045121018 0.353099046585
5.591 1.86278793809 -2.52432598778 0.354792313049
5.642 1.77059038695 -2.5136504398 0.356345474261
5.692 1.68083452294 -2.50195297535 0.357837050794
5.741 1.60350804971 -2.48534761263 0.359107183208
5.791 1.52787993043 -2.46784824454 0.360337107
5.841 1.45845404727 -2.44332229108 0.361426343715
5.892 1.3895673806 -2.4167148189 0.362497318333
5.942 1.32831192941 -2.38206334891 0.363368731086
5.994 1.26598467874 -2.34415346452 0.364234818188
6.042 1.2128140134 -2.29889841012 0.364857593092
6.092 1.15815095083 -2.24998817531 0.365474810718
6.145 1.10293166437 -2.18573946035 0.365934901331
6.192 1.05441926953 -2.12654388706 0.366314669082
6.244 1.00196181875 -2.04829004361 0.36654392776
6.291 0.954758109257 -1.97515849505 0.366712350614
