controlled robot state:time  position_x  position_y position_z R P Y
 0.195 0.289634257412 0.163941 0.812013595069 0.75542742034 0.414690022591 1.16654722155
0.215 0.289634257412 0.163941 0.812013595069 0.75542742034 0.414690022591 1.16654722155
0.235 0.289634257412 0.163941 0.812013595069 0.75542742034 0.414690022591 1.16654722155
0.255 0.289634257412 0.163941 0.812013595069 0.75542742034 0.414690022591 1.16654722155
0.275 0.289634257412 0.163941 0.812013595069 0.75542742034 0.414690022591 1.16654722155
0.295 0.289634257412 0.163941 0.812013595069 0.75542742034 0.414690022591 1.16654722155
0.315 0.289634257412 0.163941 0.812013595069 0.75542742034 0.414690022591 1.16654722155
0.335 0.289634257412 0.163941 0.812013595069 0.75542742034 0.414690022591 1.16654722155
0.355 0.289634257412 0.163941 0.812013595069 0.75542742034 0.414690022591 1.16654722155
0.375 0.289634257412 0.163941 0.812013595069 0.75542742034 0.414690022591 1.16654722155
0.395 0.289634257412 0.163941 0.812013595069 0.75542742034 0.414690022591 1.16654722155
0.415 0.289634257412 0.163941 0.812013595069 0.75542742034 0.414690022591 1.16654722155
0.435 0.289634257412 0.163941 0.812013595069 0.75542742034 0.414690022591 1.16654722155
0.455 0.289634257412 0.163941 0.812013595069 0.75542742034 0.414690022591 1.16654722155
0.475 0.289634257412 0.163941 0.812013595069 0.75542742034 0.414690022591 1.16654722155
0.495 0.289634257412 0.163941 0.812013595069 0.75542742034 0.414690022591 1.16654722155
0.515 0.289634257412 0.163941 0.812013595069 0.75542742034 0.414690022591 1.16654722155
0.535 0.289634257412 0.163941 0.812013595069 0.75542742034 0.414690022591 1.16654722155
0.555 0.289634257412 0.163941 0.812013595069 0.75542742034 0.414690022591 1.16654722155
0.575 0.289634257412 0.163941 0.812013595069 0.75542742034 0.414690022591 1.16654722155
0.595 0.289634257412 0.163941 0.812013595069 0.75542742034 0.414690022591 1.16654722155
0.615 0.289634257412 0.163941 0.812013595069 0.75542742034 0.414690022591 1.16654722155
0.635 0.289634257412 0.163941 0.812013595069 0.75542742034 0.414690022591 1.16654722155
0.655 0.289634257412 0.163941 0.812013595069 0.75542742034 0.414690022591 1.16654722155
0.675 0.289634257412 0.163941 0.812013595069 0.75542742034 0.414690022591 1.16654722155
0.695 0.289634257412 0.163941 0.812013595069 0.75542742034 0.414690022591 1.16654722155
0.715 0.289634257412 0.163941 0.812013595069 0.75542742034 0.414690022591 1.16654722155
0.735 0.289634257412 0.163941 0.812013595069 0.75542742034 0.414690022591 1.16654722155
0.756 0.289634257412 0.163941 0.812013595069 0.75542742034 0.414690022591 1.16654722155
0.775 0.289634257412 0.163941 0.812013595069 0.75542742034 0.414690022591 1.16654722155
0.795 0.289634257412 0.163941 0.812013595069 0.75542742034 0.414690022591 1.16654722155
0.815 0.289634257412 0.163941 0.812013595069 0.75542742034 0.414690022591 1.16654722155
0.835 0.289634257412 0.163941 0.812013595069 0.75542742034 0.414690022591 1.16654722155
0.855 0.289633790858 0.163957388262 0.812013594473 0.755427504971 0.414690050392 1.1665963819
0.875 0.289627160188 0.164181721462 0.812013573068 0.755428686615 0.414690442837 1.16726912031
0.895 0.28961065623 0.164654444772 0.812013444877 0.755431507598 0.414691406056 1.16868517334
0.915 0.289581492505 0.165357849022 0.812013066145 0.755436255301 0.414693084724 1.17078925803
0.935 0.289536919205 0.166275576336 0.812012279473 0.755443154088 0.414695609641 1.17353022332
0.955 0.289474126352 0.167392518977 0.812010919029 0.755452415648 0.414699114095 1.17686082395
0.975 0.289390312491 0.16869500907 0.812008824555 0.755464238913 0.414703727381 1.18073841685
0.995 0.289282817946 0.170170043528 0.812005839266 0.755478797081 0.414709571588 1.18512264663
1.015 0.289149197788 0.171805334975 0.812001823746 0.755496218072 0.414716747476 1.18997562591
1.035 0.28898711114 0.17358945657 0.811996658061 0.755516634057 0.414725351112 1.19526245794
1.055 0.288794380324 0.175511852346 0.811990229553 0.755540175283 0.414735476035 1.20095118829
1.075 0.288569003977 0.177562625753 0.81198245102 0.755566959866 0.414747200123 1.20701222074
1.095 0.288309162769 0.17973242796 0.811973256722 0.755597107065 0.414760592749 1.21341799252
1.115 0.288013176334 0.182012776458 0.811962590601 0.7556307498 0.414775723167 1.22014385576
1.135 0.28767957057 0.184395680735 0.81195041109 0.755667987818 0.414792640696 1.22716680894
1.155 0.287307052169 0.186873588481 0.811936689569 0.755708912218 0.41481138516 1.23446539247
1.175 0.28689452619 0.189439153055 0.811921412147 0.755753633286 0.414831995539 1.24201911265
1.195 0.286441069395 0.192085408902 0.811904587997 0.755802257348 0.414854497185 1.2498088799
1.215 0.285945894295 0.194805954023 0.811886231257 0.755854878767 0.414878907538 1.25781737297
1.235 0.285408351087 0.19759482012 0.811866352937 0.755911589433 0.414905242111 1.26602862944
1.255 0.284827977885 0.20044613631 0.81184497897 0.75597245964 0.414933500336 1.27442707837
1.275 0.284204342919 0.203354785653 0.811822150235 0.756037588594 0.414963684972 1.28299963749
1.295 0.28353725075 0.206315486101 0.811797908488 0.756107062832 0.414995793292 1.2917327853
1.315 0.282826500351 0.209323700699 0.811772309268 0.756180978294 0.415029818247 1.30061533419
1.335 0.282072068622 0.212374840726 0.811745396783 0.756259397631 0.41506574368 1.30963578132
1.355 0.281274003747 0.215464675099 0.811717228469 0.756342395373 0.415103553115 1.31878383262
1.375 0.280432336255 0.218589558995 0.811687875406 0.756430061297 0.415143230212 1.32805107081
1.395 0.279547251933 0.221745822846 0.811657394221 0.7565224807 0.415184762432 1.3374289232
1.415 0.278618985626 0.224929979577 0.811625860419 0.756619706361 0.415228117909 1.34690932071
1.435 0.277647819991 0.228138815391 0.811593326485 0.756721796228 0.415273275021 1.35648487094
1.455 0.276634086758 0.231369313761 0.81155983695 0.756828803837 0.415320213446 1.36614868458
1.475 0.275578274999 0.234618307704 0.811525451984 0.756940759729 0.41536890159 1.37589342682
1.495 0.274480752836 0.237883307362 0.811490227975 0.757057723736 0.415419321285 1.38571382781
1.515 0.273342062169 0.241161565405 0.81145422474 0.757179724616 0.415471443547 1.3956037436
1.535 0.272162620959 0.244450915827 0.811417504145 0.757306811008 0.415525247061 1.4055588058
1.555 0.270942892188 0.247749209551 0.811380129338 0.757439005289 0.415580700865 1.41557456728
1.575 0.269683412776 0.251054334695 0.811342147465 0.757576334519 0.415637783292 1.42564660003
1.595 0.268384697717 0.254364320572 0.811303622186 0.757718795661 0.415696456539 1.43577082399
1.615 0.26704740381 0.257677016472 0.811264607701 0.757866372574 0.4157566852 1.4459425031
1.635 0.265672046023 0.260990594619 0.811225150842 0.758019078856 0.41581844868 1.45615795952
1.655 0.264259251727 0.264303502741 0.811185293523 0.75817691176 0.415881725218 1.46641411198
1.675 0.26280950696 0.267614516863 0.81114507511 0.75833989458 0.415946505628 1.47670895703
1.695 0.261323338718 0.270922279727 0.811104528256 0.75850801972 0.416012770048 1.48703990145
1.715 0.259801403762 0.274225197211 0.81106368497 0.758681242201 0.416080485605 1.49740345593
1.735 0.258244282721 0.277521936477 0.811022604355 0.758859525159 0.416149621717 1.50779709566
1.755 0.256652398778 0.280811611402 0.810981317807 0.759042874676 0.416220170902 1.51821962955
1.775 0.255026247045 0.284093173416 0.810939858383 0.759231256772 0.416292110586 1.52866918825
1.795 0.253366487726 0.287365305717 0.810898260861 0.759424611675 0.416365413175 1.5391429817
1.815 0.251673549655 0.290627222887 0.810856559142 0.759622919594 0.416440066962 1.54963997056
1.835 0.24994790749 0.293878086467 0.810814764913 0.759826151739 0.416516061747 1.56015875767
1.855 0.248190083746 0.297116983827 0.810772903451 0.760034259626 0.416593380001 1.57069770468
1.875 0.246400682118 0.300342864342 0.810730996249 0.760247162291 0.416671992281 1.58125455289
1.895 0.244580089226 0.303555133388 0.810689076186 0.760464824089 0.416751887725 1.59182870209
1.915 0.242728748158 0.306753109985 0.810647168873 0.760687197648 0.416833054394 1.60241918123
1.935 0.240847112493 0.309936079055 0.810605309297 0.760914210861 0.416915469105 1.61302484327
1.955 0.238935630552 0.313103371619 0.81056352345 0.761145794738 0.41699911287 1.62364462203
1.975 0.236994745895 0.316254359887 0.810521818512 0.761381884876 0.417083971717 1.63427746494
1.995 0.23502502997 0.319388233091 0.810480189755 0.761622393346 0.417170025278 1.6449215432
2.015 0.233026927464 0.322504384185 0.810438667866 0.761867236427 0.417257251956 1.65557588978
2.035 0.231000688677 0.325602534119 0.810397280235 0.762116370818 0.417345645856 1.66624072901
2.055 0.228946667792 0.328682244849 0.810356037892 0.762369736197 0.417435197564 1.67691559838
2.075 0.226865247555 0.331743035967 0.81031495012 0.762627257986 0.417525892588 1.68759980891
2.095 0.224756817002 0.334784424477 0.810274031608 0.76288886318 0.417617717453 1.69829269766
2.115 0.222621744403 0.337805967145 0.810233292493 0.763154475038 0.417710657584 1.70899366481
2.135 0.220460389204 0.340807240236 0.810192742241 0.763424016013 0.417804698375 1.71970215281
2.155 0.218273102367 0.343787838088 0.810152389696 0.763697407909 0.417899825147 1.73041764319
2.175 0.216060221356 0.346747381364 0.81011224109 0.763974570122 0.41799602276 1.74113966112
2.195 0.213822087757 0.349685491266 0.810072300761 0.764255417986 0.418093274886 1.75186768892
2.215 0.211559207369 0.352601578157 0.810032572493 0.764539842058 0.418191556426 1.76260037635
2.235 0.209271933087 0.355495278889 0.80999305549 0.764827770321 0.418290855038 1.77333724435
2.255 0.206960394228 0.358366503624 0.809953761003 0.765119163766 0.418391167509 1.7840789595
2.275 0.204624851714 0.361214987182 0.809914696429 0.765413950237 0.418492480051 1.794825418
2.295 0.202265607431 0.364040414454 0.809875867922 0.765712049494 0.418594775916 1.80557629177
2.315 0.199882957836 0.366842480534 0.809837281281 0.766013381694 0.418698038052 1.81633127468
2.335 0.197477194297 0.369620890038 0.809798941965 0.766317867482 0.418802249073 1.82709008107
2.355 0.195048615862 0.372375346653 0.809760853082 0.766625422731 0.418907390464 1.83785236971
2.375 0.192597673446 0.375105387661 0.809723015865 0.766935938771 0.419013434588 1.84861707001
2.395 0.190124497451 0.377810911467 0.809685439323 0.767249366952 0.419120371689 1.85938469971
2.415 0.187629309894 0.380491714447 0.809648127621 0.767565637765 0.419228185755 1.87015528392
2.435 0.185112388004 0.383147523714 0.809611087618 0.767884679537 0.419336856848 1.88092860318
2.455 0.18257399977 0.385778087532 0.809574323065 0.768206416901 0.419446365061 1.89170446004
2.475 0.180014410253 0.388383160198 0.809537837523 0.768530775418 0.41955669002 1.90248266942
2.495 0.177433881854 0.390962501677 0.809501634368 0.768857681621 0.419667810874 1.91326305768
2.515 0.174832674568 0.393515877271 0.809465716808 0.769187063041 0.419779706286 1.92404546172
2.535 0.172211043416 0.396043065413 0.809430086433 0.769518845144 0.419892355105 1.93482973245
2.555 0.169569257724 0.39854383692 0.809394743618 0.769852949771 0.420005735165 1.94561565222
2.575 0.166907783653 0.401017778643 0.809359688425 0.770189272859 0.420119812798 1.95640215604
2.595 0.164226924405 0.403464639538 0.809324923792 0.770527739841 0.420234562412 1.96718892778
2.615 0.161526895801 0.405884244784 0.809290455109 0.770868295376 0.420349961489 1.97797604283
2.635 0.158807718524 0.408276583023 0.809256290852 0.771210918971 0.420465996063 1.98876441027
2.655 0.156069585269 0.410641502958 0.80922243253 0.771555550604 0.420582644944 1.99955415253
2.675 0.153312743046 0.412978811129 0.809188880022 0.771902120054 0.420699884177 2.01034515374
2.695 0.150537461422 0.415288288941 0.80915563504 0.772250561025 0.420817686696 2.02113721791
2.715 0.147744191406 0.417569573848 0.809122698113 0.772600782622 0.420936015257 2.03192940826
2.735 0.144933026712 0.41982259602 0.80909007431 0.772952753137 0.421054849665 2.04272229257
2.755 0.142104382338 0.422047052349 0.809057760696 0.773306379375 0.421174156745 2.05351509134
2.775 0.139258559612 0.424242731292 0.809025749557 0.773661602714 0.421293907671 2.06430751943
2.795 0.136395791792 0.426409470906 0.808994041284 0.774018371289 0.421414075016 2.07509957802
2.815 0.133516313446 0.428547108146 0.808962638952 0.774376631746 0.421534630342 2.08589126512
2.835 0.13062033579 0.430655491609 0.808931546723 0.77473633979 0.421655544325 2.09668267719
2.855 0.127707874118 0.432734596531 0.808900770248 0.775097481927 0.421776796448 2.10747466748
2.875 0.124779314389 0.434784068539 0.808870306956 0.775459977798 0.421898354279 2.11826646138
2.895 0.121834980728 0.436803773252 0.80884016037 0.775823765028 0.422020181044 2.12905785685
2.915 0.11887488637 0.438793721254 0.808810336876 0.776188836593 0.422142252327 2.1398497797
2.935 0.115899247238 0.440753772211 0.808780838923 0.776555139922 0.422264539541 2.15064229137
2.956 0.112908567112 0.442683604676 0.808751683968 0.776922560435 0.422387001072 2.16143436148
2.975 0.109903133299 0.444583048564 0.808722856446 0.777291063106 0.422509603866 2.17222580848
2.995 0.106882940951 0.446452085948 0.808694364467 0.777660647051 0.422632321809 2.18301756909
3.015 0.103848193238 0.44829059002 0.808666211459 0.778031270427 0.422755123843 2.19380978395
3.035 0.100799156393 0.450098397902 0.808638400217 0.778402881687 0.422877976006 2.2046023538
3.055 0.0977360981953 0.451875345006 0.808610939389 0.778775425707 0.423000844027 2.21539518279
3.075 0.0946592811072 0.453621304003 0.80858380494 0.779148870344 0.423123698678 2.2261881896
3.095 0.0915689741058 0.45533612082 0.808557005627 0.779523159395 0.423246505235 2.23698128871
3.115 0.0884654516482 0.457019624133 0.808530555254 0.779898244545 0.423369224607 2.24777438893
3.135 0.0853490006747 0.458671685821 0.808504429452 0.780274092773 0.423491825939 2.25856734068
3.155 0.0822201258077 0.460292061334 0.808478634082 0.78065060891 0.42361426856 2.26935922615
3.175 0.0790789016498 0.461880698492 0.808453184903 0.781027773058 0.423736522661 2.28015070875
3.195 0.0759255214884 0.463437506969 0.808428060522 0.781405579354 0.42385855488 2.29094200187
3.215 0.0727602662075 0.464962333784 0.80840326976 0.781783986141 0.423980324656 2.30173302331
3.235 0.0695834158125 0.466455038916 0.80837882477 0.782162941382 0.424101795937 2.31252369905
3.255 0.0663952444408 0.467915513608 0.808354701673 0.78254242369 0.424222934791 2.32331396531
3.275 0.0631960341486 0.469343626564 0.808330909657 0.782922384353 0.424343704287 2.33410375379
3.295 0.0599860672338 0.470739254064 0.808307461264 0.783302767786 0.424464070711 2.34489300112
3.315 0.0567656386694 0.472102292178 0.808284331567 0.783683544639 0.424584003045 2.35568157711
3.335 0.0535352746555 0.473432444411 0.808261525519 0.784064636597 0.424703459055 2.36646850286
3.355 0.050295315074 0.474729647242 0.808239057039 0.78444599002 0.424822397014 2.37725362339
3.375 0.0470457549809 0.475993937285 0.808216904846 0.784827635042 0.424940787152 2.38803791558
3.395 0.0437868362996 0.47722522806 0.808195077309 0.785209525454 0.425058598021 2.39882148078
3.415 0.040519122544 0.47842331996 0.808173585661 0.785591570177 0.425175787 2.40960332352
3.435 0.0372429349337 0.479588123939 0.808152405808 0.785973748308 0.425292317827 2.42038327642
3.455 0.033958275336 0.480719618188 0.808131547616 0.786356068226 0.425408157624 2.43116229071
3.475 0.0306653632086 0.481817706498 0.80811102443 0.7867385015 0.425523268412 2.44194057104
3.495 0.0273644910255 0.48288231158 0.808090811107 0.787121030302 0.42563761532 2.45271804986
3.515 0.0240559594943 0.48391334271 0.808070915896 0.787503603838 0.425751165268 2.46349465846
3.535 0.0207400714475 0.484910706023 0.808051350371 0.787886171476 0.425863885108 2.4742703279
3.555 0.0174171248092 0.485874320466 0.808032089869 0.788268724196 0.425975735307 2.48504499116
3.575 0.0140874250998 0.486804097583 0.808013142975 0.788651216431 0.426086680669 2.49581858234
3.595 0.0107512794049 0.487699949492 0.807994521504 0.789033600492 0.426196687343 2.50659103662
3.615 0.00740898534022 0.488561818424 0.807976199965 0.789415860519 0.426305720851 2.51736229945
3.635 0.0040608514756 0.489389625794 0.807958186873 0.789797951548 0.426413746779 2.52813231008
3.655 0.000707187960164 0.490183293535 0.80794049401 0.790179826388 0.42652073218 2.53890100846
3.675 -0.00265168305717 0.490942777509 0.807923095277 0.790561461702 0.426626645631 2.54966826914
3.695 -0.00601520411382 0.491667976685 0.807905997694 0.790942772797 0.426731451901 2.56043321941
3.715 -0.00938326115384 0.492358850747 0.807889215547 0.791323747365 0.426835119426 2.57119647018
3.735 -0.0127553769063 0.493015344201 0.807872722656 0.791704340807 0.426937614404 2.58195739782
3.755 -0.0161314360144 0.493637422968 0.807856526823 0.792084545301 0.427038904422 2.59271660976
3.775 -0.0195109459594 0.49422501517 0.807840638798 0.7924642843 0.42713895876 2.60347346968
3.795 -0.0228938216338 0.494778104532 0.807825034116 0.792843585712 0.427237741691 2.61422866351
3.815 -0.0262798173698 0.495296655865 0.807809721206 0.793222410716 0.427335225986 2.62498237109
3.835 -0.0296686127234 0.495780629498 0.807794712439 0.793600703482 0.427431387177 2.63573452979
3.855 -0.0330598802976 0.496230001662 0.807779981926 0.793978442353 0.427526195736 2.64648502656
3.875 -0.036453049386 0.496644640886 0.807765534576 0.794355547329 0.427619623252 2.65723298311
3.895 -0.039847995566 0.497024567213 0.807751384052 0.794732012301 0.427711633004 2.66797900999
3.915 -0.0432444882128 0.497369789103 0.807737504845 0.795107839905 0.427802189457 2.67872332759
3.935 -0.0466422003197 0.497680275144 0.807723905073 0.795482983578 0.427891264682 2.68946586991
3.955 -0.0500408037144 0.497955994575 0.807710596252 0.795857394408 0.427978832705 2.70020657203
3.975 -0.0534399833046 0.498196945142 0.807697552106 0.796231055927 0.428064864078 2.71094537976
3.995 -0.056839410839 0.498403105942 0.807684780727 0.796603921698 0.428149332408 2.72168223194
4.015 -0.0602387344772 0.498574464355 0.807672294526 0.796975934081 0.428232216516 2.73241699303
4.035 -0.0636373892288 0.498711040621 0.80766006701 0.797347036412 0.428313489768 2.74314880017
4.055 -0.0670352714235 0.498812808598 0.807648105249 0.797717227146 0.428393121567 2.75387833636
4.075 -0.0704321013298 0.498879764331 0.807636421872 0.798086459558 0.428471092587 2.76460570762
4.095 -0.0738273064317 0.498911953735 0.80762499032 0.798454671331 0.428547381277 2.77533002778
4.115 -0.0772207776304 0.498909357671 0.807613817433 0.798821857402 0.428621959929 2.7860519653
4.135 -0.0806122641721 0.498871957315 0.807602915084 0.799187988042 0.428694802378 2.79677173411
4.155 -0.084001423946 0.498799789929 0.807592256771 0.799553037863 0.428765886454 2.8074892036
4.175 -0.0873876746413 0.498692896498 0.807581849936 0.79991691977 0.428835194207 2.81820349942
4.195 -0.0907709052986 0.4985512534 0.807571706753 0.800279626175 0.428902699916 2.82891529785
4.215 -0.0941508688678 0.498374890106 0.807561801029 0.800641150228 0.428968379247 2.83962478498
4.235 -0.0975272291686 0.49816382647 0.807552140783 0.801001443496 0.42903221326 2.85033189554
4.255 -0.10089962733 0.497918093665 0.807542738431 0.801360446729 0.429094188716 2.86103649061
4.275 -0.104267490626 0.497637792006 0.807533567671 0.801718097534 0.429154290435 2.87173768614
4.295 -0.107630704926 0.49732291188 0.807524635058 0.80207438889 0.429212494862 2.88243614852
4.315 -0.110989017246 0.496973464341 0.807515953346 0.802429284624 0.429268784462 2.89313209474
4.335 -0.114342109487 0.496589517813 0.807507496643 0.802782759693 0.429323143316 2.90382547522
4.355 -0.117689645458 0.496171112676 0.807499271082 0.803134767648 0.429375555664 2.9145162265
4.375 -0.121031284973 0.49571828142 0.807491288183 0.803485261848 0.429426005374 2.92520428182
4.395 -0.124366682136 0.495231091772 0.80748352173 0.80383422286 0.429474471625 2.93588950881
4.415 -0.127695253502 0.494709667703 0.807475979331 0.804181559 0.429520950135 2.94657102018
4.435 -0.131016881122 0.49415400387 0.807468672676 0.804527257899 0.429565422984 2.95724948332
4.455 -0.134331326101 0.493564144929 0.807461575965 0.80487131964 0.429607866345 2.96792512338
4.475 -0.137638255063 0.492940160497 0.807454697164 0.805213690997 0.429648272653 2.97859788288
4.495 -0.14093733323 0.49228211734 0.807448047359 0.805554318609 0.429686635328 2.98926770356
4.515 -0.144228237177 0.491590090313 0.807441600855 0.805893189555 0.429722933649 2.99993452865
4.535 -0.147510632772 0.490864152111 0.807435365691 0.80623025459 0.429757159167 3.01059830083
4.555 -0.150784185676 0.490104376356 0.807429352833 0.806565462661 0.429789305795 3.02125896379
4.575 -0.154048579629 0.489310860612 0.807423536696 0.806898794468 0.4298193596 3.03191647201
4.595 -0.157303482688 0.488483687828 0.807417925321 0.807230201044 0.42984731421 3.04257077179
4.615 -0.160548562731 0.487622942066 0.807412529501 0.807559631768 0.429873165619 3.05322181014
4.635 -0.163783506083 0.486728730557 0.807407323859 0.807887067454 0.42989690158 3.06386954482
4.655 -0.167007971951 0.485801166514 0.807402316138 0.808212450285 0.429918523702 3.07451387535
4.675 -0.170221377447 0.484840462445 0.807397517493 0.808535683406 0.429938044126 3.08515387021
4.695 -0.173423341461 0.483846752779 0.807392903468 0.808856747211 0.429955448043 3.09578925417
4.715 -0.176613590772 0.482820127619 0.807388480314 0.809175604989 0.429970730666 3.10642015256
4.735 -0.179792085702 0.481760566649 0.807384258995 0.809492254054 0.429983880155 3.11704751013
4.755 -0.182958592473 0.480668158376 0.807380214669 0.809806688337 0.429994883757 3.12767155087
4.775 -0.186112782725 0.479543020672 0.807376355158 0.81011885629 0.430003743556 3.13829221197
4.795 -0.189254324007 0.478385263198 0.807372692004 0.810428708424 0.43001046051 -3.13427588044
4.815 -0.192382888878 0.477195044462 0.807369200667 0.810736215531 0.43001503334 -3.12366223556
4.835 -0.195497917307 0.475972603839 0.807365887167 0.811041297569 0.430017471618 -3.11305304926
4.855 -0.198599289893 0.474717967871 0.807362762927 0.811343935137 0.430017772283 -3.1024476559
4.875 -0.201686775415 0.473431235835 0.807359804478 0.811644123011 0.430015924704 -3.09184583064
4.895 -0.204760045351 0.472112531272 0.807357018355 0.811941819606 0.430011928418 -3.08124764183
4.915 -0.207818776737 0.470761990349 0.807354414598 0.812236974926 0.430005790437 -3.07065314903
4.935 -0.210862669956 0.469379776646 0.807351968865 0.812529565631 0.429997510488 -3.06006239659
4.955 -0.213891408143 0.467966038553 0.807349688583 0.812819542215 0.429987096774 -3.04947543836
4.975 -0.216904667329 0.466520909805 0.807347584283 0.813106861321 0.42997455357 -3.03889233619
4.995 -0.219902131869 0.465044575866 0.807345631884 0.813391497211 0.429959883132 -3.02831320736
5.015 -0.222883272931 0.46353732865 0.807343838484 0.813673371045 0.429943104963 -3.01773890276
5.035 -0.225847972543 0.461999192737 0.807342214663 0.813952470071 0.429924216177 -3.00716874534
5.055 -0.228796001076 0.460430303763 0.807340737189 0.814228784136 0.429903214328 -2.99660254121
5.075 -0.231727047676 0.458830826418 0.807339413379 0.814502266812 0.429880110194 -2.98604034489
5.095 -0.234640802506 0.457200926165 0.807338252701 0.814772870727 0.429854916732 -2.97548220903
5.115 -0.237536975982 0.455540786991 0.807337232219 0.815040577074 0.429827635961 -2.964928176
5.135 -0.240415262884 0.453850582956 0.807336359075 0.81530534062 0.429798280488 -2.95437829595
5.155 -0.243275359077 0.452130488977 0.807335642686 0.815571761711 0.429767962456 -2.94383167136
5.175 -0.246116955693 0.450380731368 0.807335061735 0.815879509914 0.429745847242 -2.93328036327
5.195 -0.248939310963 0.448601736223 0.807334622334 0.816194356578 0.429723652365 -2.92273291457
5.215 -0.251742511344 0.446793462151 0.807334334903 0.81650143003 0.429697919312 -2.91219104231
5.235 -0.254526397149 0.444956061675 0.807334175969 0.816801050411 0.429668796355 -2.90165432252
5.255 -0.257290473152 0.443089891435 0.80733415105 0.817093458596 0.429636448641 -2.89112354282
5.275 -0.260034606447 0.441195010951 0.807334270297 0.817378926883 0.429601007585 -2.88059804744
5.295 -0.262758363969 0.439271778916 0.807334510543 0.817657677956 0.429562605137 -2.87007848423
5.315 -0.265461413683 0.437320440291 0.807334876458 0.817929919518 0.42952136294 -2.85956503972
5.335 -0.268143491707 0.435341182931 0.807335377587 0.818195846717 0.429477392126 -2.84905762753
5.355 -0.27080435307 0.433334211539 0.807335992811 0.818455664775 0.429430783195 -2.83855616096
5.375 -0.273443757157 0.431299696282 0.80733672771 0.818709548478 0.429381626 -2.82806047257
5.395 -0.276061650384 0.429237625527 0.807337592695 0.818957681717 0.429329992349 -2.81756959663
5.415 -0.27865781743 0.427148179366 0.807338566634 0.819200226943 0.429275951236 -2.80708332926
5.435 -0.281231971438 0.425031582396 0.807339655364 0.819437303287 0.429219581016 -2.79660171343
5.455 -0.283783813464 0.422888082449 0.807340866949 0.819669010132 0.429160960416 -2.7861248627
5.475 -0.286312881993 0.420718134611 0.807342178908 0.81989543692 0.429100165081 -2.77565369631
5.495 -0.288818883006 0.418521987334 0.807343596516 0.820116679668 0.429037257622 -2.76518833649
5.515 -0.291301763871 0.416299631468 0.807345130382 0.820332855358 0.428972280453 -2.7547278276
5.535 -0.29376132039 0.414051260025 0.807346760296 0.82054406591 0.428905276578 -2.74427197316
5.555 -0.296197261871 0.411777134263 0.807348490533 0.82075036919 0.428836304823 -2.73382089512
5.575 -0.298609085351 0.40947763291 0.807350328004 0.820951792771 0.428765434959 -2.7233754337
5.595 -0.300996739835 0.407152905249 0.807352253578 0.821148437775 0.428692692469 -2.7129349748
5.615 -0.303359865944 0.404803361362 0.807354271011 0.82134033503 0.428618136247 -2.70250011796
5.635 -0.305698354841 0.402429067877 0.807356390369 0.821527546579 0.428541800354 -2.69207018911
5.655 -0.308011998181 0.400030252197 0.807358590881 0.821710127644 0.428463718976 -2.68164506585
5.675 -0.310300304283 0.397607322439 0.807360875618 0.821888084387 0.428383949872 -2.67122561944
5.695 -0.312563221062 0.39516039985 0.807363253797 0.822061470749 0.428302521059 -2.66081118656
5.715 -0.314800585739 0.392689693142 0.807365708457 0.822230346025 0.428219453407 -2.65040153864
5.735 -0.31701214957 0.390195468223 0.807368243989 0.82239472928 0.428134787119 -2.63999672746
5.755 -0.319197654557 0.387678015622 0.807370866738 0.822554628846 0.428048567246 -2.62959687326
5.775 -0.321356724837 0.385137825115 0.807373556456 0.822710057898 0.427960836382 -2.61920279973
5.795 -0.323489258346 0.382574968393 0.807376319509 0.82286105316 0.42787161435 -2.60881383718
5.815 -0.325595062442 0.379989654855 0.807379163063 0.823007626556 0.427780936168 -2.59842979739
5.836 -0.327673909527 0.377382194411 0.807382067042 0.823149799037 0.427688830574 -2.58805079125
5.855 -0.329725428919 0.374753099432 0.807385031537 0.823287551701 0.427595352225 -2.57767766785
5.875 -0.331749524194 0.372102453134 0.807388065512 0.823420902719 0.427500525383 -2.56730976233
5.895 -0.333746035769 0.369430467839 0.807391151966 0.823549878747 0.427404369019 -2.5569468377
5.915 -0.33571473758 0.366737424433 0.807394294857 0.823674483475 0.427306916003 -2.5465889451
5.935 -0.337655401403 0.364023599077 0.807397503131 0.823794717778 0.427208200771 -2.53623613428
5.955 -0.339567819368 0.361289314696 0.807400757175 0.823910592359 0.427108250559 -2.52588851031
5.975 -0.341451652938 0.35853509354 0.807404057456 0.824022085647 0.427007116807 -2.51554689446
5.996 -0.343306799728 0.355761039055 0.807407413332 0.824129206627 0.426904822966 -2.50521068403
6.015 -0.345132985526 0.35296762984 0.807410803831 0.82423195179 0.426801406988 -2.4948804784
6.035 -0.346930121195 0.350154954835 0.807414234309 0.824330334294 0.426696887007 -2.48455561829
6.055 -0.348698040122 0.347323250149 0.807417711672 0.824424347015 0.426591297512 -2.47423592709
6.075 -0.350436449025 0.344473058638 0.807421215446 0.824513980781 0.426484680609 -2.46392219811
6.095 -0.35214523952 0.341604496905 0.807424751892 0.824599249202 0.426377053483 -2.45361388515
6.115 -0.353824142516 0.338718039952 0.807428323895 0.82468013025 0.426268466083 -2.44331157573
6.135 -0.3554730849 0.335813777949 0.80743192014 0.824756650575 0.426158925024 -2.43301459618
6.155 -0.357091916363 0.332891954914 0.807435542914 0.824828804417 0.426048461771 -2.42272275983
6.175 -0.358680452336 0.329952883008 0.807439197173 0.824896579383 0.425937115021 -2.41243610987
6.195 -0.360238532932 0.326996886744 0.807442864395 0.824959978959 0.425824911345 -2.40215467647
6.215 -0.36176598687 0.324024287141 0.807446544899 0.825018991862 0.425711887962 -2.39187849776
6.235 -0.363262632355 0.321035391475 0.807450247037 0.825073611066 0.425598080879 -2.38160761661
6.255 -0.36472831548 0.31803052265 0.807453954785 0.82512384282 0.425483515239 -2.37134206035
6.275 -0.366162869331 0.315010031842 0.807457666684 0.825169673904 0.425368230682 -2.36108193408
6.295 -0.367566034318 0.31197452405 0.807461381515 0.825211076288 0.425252286952 -2.35082813743
6.315 -0.368937661386 0.308924358032 0.807465084498 0.825248057757 0.425135710774 -2.34058079302
6.335 -0.370277703004 0.305859589267 0.807468777042 0.825280621322 0.425018521407 -2.33033907018
6.355 -0.371585789587 0.302780911421 0.80747246035 0.825308734055 0.424900785417 -2.32010425558
6.375 -0.37286199718 0.299688245122 0.807476129756 0.825332435889 0.424782495208 -2.30987504667
6.395 -0.374106263646 0.296581794339 0.80747978316 0.825351722098 0.424663680728 -2.29965101797
6.415 -0.375318436602 0.293461887073 0.807483427115 0.825366585196 0.42454438082 -2.28943221776
6.435 -0.376498379764 0.290328854011 0.80748705073 0.825377036228 0.424424619894 -2.27921868725
6.455 -0.377645958659 0.287183034178 0.80749065377 0.825383067871 0.424304435815 -2.26901046614
6.475 -0.378761036716 0.284024788306 0.807494235492 0.8253846631 0.424183874092 -2.25880763826
6.495 -0.379843356417 0.280854687053 0.80749777595 0.825381808896 0.42406298225 -2.24861098968
6.515 -0.380892912546 0.277672858635 0.807501284652 0.825374526935 0.423941775585 -2.23841989108
6.535 -0.381909626593 0.274479574121 0.807504765518 0.825362814 0.423820289655 -2.2282341413
6.555 -0.382893392123 0.271275177526 0.807508204183 0.825346677922 0.423698552001 -2.21805376616
6.575 -0.383844096656 0.268060013544 0.807511599899 0.825326114488 0.423576600696 -2.20787879719
6.595 -0.38476163216 0.264834428119 0.807514953263 0.825301113855 0.423454478596 -2.19770925786
6.615 -0.385645906152 0.261598768796 0.807518249151 0.825271683375 0.423332214319 -2.1875451655
6.635 -0.386496809783 0.258353374544 0.807521490747 0.82523782661 0.423209842919 -2.17738655119
6.655 -0.387314242132 0.255098618403 0.807524677907 0.825199534984 0.423087408766 -2.1672335069
6.675 -0.388098077546 0.251835111318 0.807527792077 0.825156813218 0.422964955995 -2.15708681329
6.695 -0.388848257376 0.248562981742 0.807530837074 0.825109667843 0.422842507862 -2.14694586278
6.715 -0.389564582235 0.24528274638 0.80753381163 0.825058082546 0.422720120259 -2.13681122396
6.735 -0.390247093442 0.241994527471 0.807536707897 0.825002083866 0.422597803122 -2.1266822003
6.755 -0.390895753616 0.238698636412 0.807539520039 0.824941671448 0.4224755925 -2.11655865451
6.775 -0.391510444235 0.2353956832 0.807542249861 0.824876845147 0.422353543548 -2.10644138121
6.795 -0.392091125725 0.232085770725 0.807544894328 0.824807626608 0.422231667853 -2.09632969895
6.815 -0.392637741583 0.228769205643 0.807547448937 0.824734015581 0.42211000165 -2.08622347621
6.835 -0.3931502009 0.225446608868 0.807549909444 0.824656009081 0.421988602088 -2.07612350032
6.855 -0.393628467292 0.222118084641 0.807552273535 0.824573629063 0.421867481155 -2.06602909113
6.875 -0.394072493669 0.218783941642 0.807554536335 0.82448687669 0.421746675004 -2.05594011748
6.895 -0.394482210929 0.215444841761 0.807556689298 0.824395747921 0.421626243907 -2.04585745959
6.915 -0.394857579321 0.212101201046 0.80755872054 0.824300260063 0.421506219 -2.03578130673
6.935 -0.395198558867 0.208753307396 0.807560632994 0.824200425858 0.421386631656 -2.0257114959
6.955 -0.395505115239 0.205401203868 0.807562436688 0.824096252088 0.42126750483 -2.01564716336
6.975 -0.395777215631 0.202045443071 0.807564114049 0.823987753215 0.421148878358 -2.0055888703
6.995 -0.396014824066 0.198686137241 0.80756567277 0.82387494338 0.421030773713 -1.99553595639
7.015 -0.396217903753 0.195323569292 0.807567114934 0.823757826846 0.420913228016 -1.98548822696
7.035 -0.396386431378 0.191958103196 0.807568428201 0.823636420189 0.420796270099 -1.97544570872
7.055 -0.396520387462 0.188590133373 0.807569604931 0.823510728996 0.420679939935 -1.96540850317
7.075 -0.396619756561 0.185220290919 0.807570638669 0.823380760491 0.420564293277 -1.95537739497
7.095 -0.396684521736 0.181848713793 0.807571525426 0.823246535207 0.420449345461 -1.94535178
7.115 -0.396714684006 0.178475956281 0.807572256067 0.823108064684 0.420335143687 -1.93533221728
7.135 -0.396710209255 0.175102156602 0.807572839437 0.822965357522 0.420221716602 -1.92531811069
7.155 -0.396671026858 0.171727869213 0.807573258533 0.82281842354 0.420109107087 -1.91531002519
7.175 -0.396597201006 0.168353235534 0.807573516157 0.822667285963 0.419997334699 -1.90530735617
7.195 -0.396488782642 0.164978845098 0.807573601922 0.822511955733 0.419886451632 -1.89531075108
7.215 -0.39634579073 0.161605093334 0.80757350568 0.822352456859 0.419776486748 -1.88532032925
7.235 -0.396168205536 0.158232008691 0.807573231857 0.822188801099 0.41966745763 -1.8753351713
7.255 -0.395956017218 0.154859858708 0.807572787406 0.822021002328 0.419559398708 -1.86535504624
7.275 -0.395709244859 0.151489032213 0.807572163315 0.821849085021 0.419452338496 -1.85538005503
7.295 -0.395427948592 0.148120163475 0.807571347002 0.821673068673 0.419346325862 -1.84541098204
7.315 -0.395112107092 0.14475336337 0.807570352153 0.821492969087 0.419241386196 -1.83544716168
7.335 -0.394761740619 0.141388915169 0.807569169594 0.821308807643 0.419137542848 -1.82548838892
7.355 -0.394376880253 0.138027183371 0.807567794749 0.821120601693 0.419034830484 -1.81553469005
7.375 -0.393957559349 0.134668531489 0.807566223226 0.820928361778 0.418933289285 -1.80558608322
7.395 -0.393503822728 0.13131332022 0.807564442428 0.820732110223 0.418832946569 -1.79564258048
7.415 -0.393015709953 0.127961907784 0.807562450586 0.820531869476 0.418733834813 -1.78570420145
7.435 -0.392493263772 0.124614652316 0.807560245221 0.820327653989 0.418635992629 -1.77577095743
7.455 -0.391936528427 0.121271904559 0.807557824258 0.820119496026 0.418539444666 -1.76584285885
7.475 -0.391345558266 0.117934020823 0.807555183258 0.819907416636 0.418444223616 -1.75591991627
7.495 -0.390720415657 0.114601382186 0.807552316877 0.819691430585 0.418350369009 -1.74600220639
7.515 -0.390061247477 0.111274639309 0.80754920098 0.819471568481 0.418257920636 -1.73609057381
7.535 -0.389368141725 0.107954200023 0.80754583127 0.819247858447 0.418166911183 -1.72618519339
7.555 -0.388641146331 0.104640343054 0.807542216006 0.819020325324 0.418077372193 -1.71628588354
7.575 -0.387880241562 0.101333082326 0.807538364202 0.818788994134 0.417989312351 -1.70639170058
7.595 -0.387085487351 0.0980326974577 0.807534268031 0.818553881794 0.41790276025 -1.69650243532
7.615 -0.386256963632 0.0947395445722 0.807529919286 0.818315002525 0.417817753453 -1.68661809854
7.635 -0.385394748338 0.0914539712824 0.807525314844 0.818072389619 0.417734315937 -1.67673870039
7.655 -0.38449891984 0.0881763246529 0.807520457814 0.817826075607 0.417652476162 -1.66686425621
7.675 -0.383569566334 0.0849069544277 0.807515342384 0.817576078305 0.417572270183 -1.6569947707
7.695 -0.38260678983 0.081646208662 0.807509952374 0.817322420812 0.4174937232 -1.64713024065
7.715 -0.381610682077 0.0783944302607 0.807504288728 0.817065135151 0.417416863058 -1.63727067331
7.735 -0.380581328689 0.0751519584245 0.807498359208 0.816804252448 0.417341722395 -1.6274160731
7.755 -0.379518834357 0.0719191331444 0.807492155563 0.816539803348 0.417268324299 -1.61756643434
7.775 -0.378423307078 0.0686962948126 0.80748567298 0.816271815882 0.417196696743 -1.6077217564
7.795 -0.377294857853 0.065483810077 0.807478904689 0.816000310687 0.417126875096 -1.59788210685
7.815 -0.376133641546 0.0622823289254 0.807471826146 0.81572531482 0.417058899899 -1.58804832963
7.835 -0.374939881823 0.0590922133185 0.807464432171 0.815446872667 0.416992793394 -1.57822057663
7.855 -0.373713698599 0.0559137177953 0.807456731172 0.81516501965 0.416928580422 -1.56839865298
7.875 -0.372455095116 0.0527468804934 0.807448727558 0.814879781214 0.416866267157 -1.55858168349
7.895 -0.371164273339 0.0495922107726 0.807440413045 0.814591189286 0.416805893995 -1.54877019686
7.915 -0.369841254944 0.0464498102114 0.807431798129 0.814299274375 0.416747472853 -1.53896351375
7.935 -0.368486144383 0.0433199407137 0.807422873741 0.814004059305 0.416691026113 -1.52916141721
7.955 -0.367099100237 0.0402029613782 0.807413624291 0.81370557048 0.416636579395 -1.51936398596
7.975 -0.365680377109 0.0370994525998 0.807404044603 0.81340384678 0.416584177576 -1.50957199436
7.995 -0.364230031051 0.0340095430908 0.807394133456 0.813098917166 0.416533829003 -1.49978484563
8.016 -0.362748310117 0.0309337453144 0.807383879543 0.812790825655 0.416485562297 -1.49000312301
8.035 -0.361235382751 0.0278724350276 0.807373288401 0.812479600569 0.416439418741 -1.48022700087
8.055 -0.359691403603 0.0248259006862 0.807362351789 0.812165282446 0.416395408783 -1.47045639151
8.075 -0.358116495191 0.0217944010519 0.807351077144 0.81184790598 0.416353555854 -1.46069112161
8.095 -0.35651064322 0.0187779547528 0.807339480045 0.811527497157 0.416313869638 -1.45093026303
8.115 -0.354873972938 0.0157768444875 0.807327554864 0.811204075595 0.416276381143 -1.44117368452
8.135 -0.353206731051 0.012791666709 0.807315277169 0.810877682141 0.416241115855 -1.43142216018
8.155 -0.351509023306 0.00982248569632 0.80730266036 0.810548355583 0.41620808156 -1.42167501253
8.175 -0.349780986211 0.00686954020894 0.807289711027 0.810216118873 0.41617731335 -1.41193203282
8.195 -0.348022806145 0.00393314575244 0.807276417102 0.809881012711 0.416148820661 -1.4021932335
8.215 -0.346234657615 0.00101361658986 0.807262775773 0.80954306865 0.416122629092 -1.39245862709
8.235 -0.344416741703 -0.00188871483087 0.80724877357 0.80920231875 0.416098757568 -1.38272828947
8.255 -0.342569393744 -0.00477331596876 0.807234396604 0.808858807967 0.416077239106 -1.37300296609
8.275 -0.340692684256 -0.00764007207872 0.807219648328 0.808512570223 0.416058077106 -1.36328205218
8.295 -0.338786919557 -0.0104885255792 0.80720451418 0.808163649158 0.416041294472 -1.35356607169
8.315 -0.336852125306 -0.0133185811288 0.807189019122 0.80781206791 0.416026921729 -1.34385435194
8.335 -0.334888481471 -0.0161299851037 0.807173147949 0.807457859837 0.416014964917 -1.33414674757
8.355 -0.332896353468 -0.0189222226428 0.807156885006 0.807101072057 0.416005451426 -1.32444400514
8.375 -0.330875786607 -0.0216952033318 0.807140246269 0.80674173797 0.415998391357 -1.31474544727
8.395 -0.328826949478 -0.0244486769645 0.807123225706 0.806379881765 0.415993809389 -1.30505092851
8.415 -0.326750245683 -0.0271821360374 0.807105793815 0.806015554028 0.4159917167 -1.2953612142
8.435 -0.32464574924 -0.0298954682264 0.80708795667 0.805648780699 0.415992125352 -1.28567571075
8.455 -0.32251377039 -0.0325882514956 0.80706971862 0.805279608517 0.415995070814 -1.27599490373
8.475 -0.320354373581 -0.0352603996959 0.80705108558 0.804908070259 0.416000553441 -1.26631811766
8.495 -0.318167745173 -0.0379116722578 0.807032047039 0.804534187652 0.416008594404 -1.25664521018
8.515 -0.315954286849 -0.0405415870159 0.807012595016 0.804158022762 0.416019208872 -1.24697692255
8.535 -0.313714049121 -0.0431500576328 0.806992742958 0.803779600673 0.416032414249 -1.23731257881
8.555 -0.311447216877 -0.0457368722229 0.806972481861 0.803398954949 0.416048214635 -1.22765196325
8.575 -0.309154013627 -0.0483017585087 0.806951818069 0.803016132567 0.416066622764 -1.21799507972
8.595 -0.306834676941 -0.0508444256262 0.806930746455 0.802631157813 0.416087672725 -1.20834200166
8.615 -0.304489675637 -0.0533643923954 0.806909235804 0.802244083714 0.416111368497 -1.19869355722
8.635 -0.302119292565 -0.0558613595748 0.80688728418 0.801854953109 0.416137726485 -1.18904991036
8.655 -0.299723720903 -0.0583351234952 0.806864899526 0.801463809568 0.416166755173 -1.1794108712
8.675 -0.297302969654 -0.0607856525627 0.806842097998 0.801070674401 0.416198469344 -1.1697755788
8.695 -0.294857438548 -0.063212561455 0.806818860321 0.800675598201 0.416232872247 -1.16014455815
8.715 -0.292387189202 -0.0656157697161 0.806795204973 0.800278614124 0.41626997289 -1.15051713989
8.735 -0.289892419605 -0.0679950588567 0.806771128654 0.799879741203 0.41630980316 -1.14089318583
8.755 -0.287373631137 -0.0703499786888 0.80674659943 0.799479031294 0.416352363061 -1.13127353233
8.775 -0.284831122564 -0.0726802426486 0.806721614533 0.799076526355 0.416397666839 -1.12165835279
8.795 -0.282265046996 -0.0749855979784 0.806696179987 0.798672261116 0.41644572595 -1.11204747963
8.815 -0.279675468694 -0.0772660694964 0.806670313456 0.798266261626 0.416496552778 -1.10244004985
8.835 -0.277062859253 -0.0795212959841 0.806643987059 0.79785857501 0.41655014557 -1.09283668316
8.855 -0.27442753795 -0.0817510076511 0.806617196143 0.797449245647 0.416606511221 -1.08323755782
8.875 -0.271769711131 -0.0839550160497 0.806589952469 0.797038311873 0.416665669893 -1.07364250235
8.895 -0.269089383269 -0.0861333072625 0.806562276768 0.79662580448 0.416727620231 -1.06405060056
8.915 -0.266386765748 -0.0882856998585 0.806534166344 0.796211754059 0.416792369539 -1.05446165411
8.935 -0.263662168053 -0.0904119435581 0.806505600964 0.795796183659 0.4168599301 -1.04487578759
8.955 -0.26091633096 -0.0925114713898 0.806476535901 0.795379145724 0.416930317084 -1.03529456948
8.975 -0.258149331966 -0.0945841171324 0.806446997954 0.794960682878 0.417003538067 -1.02571751501
8.995 -0.255361136365 -0.0966299840654 0.806417009811 0.794540812186 0.417079603802 -1.01614344176
9.015 -0.252551978218 -0.0986489220268 0.806386565974 0.794119560643 0.417158522646 -1.00657215093
9.035 -0.249722183248 -0.100640697704 0.806355655706 0.793696965729 0.417240292903 -0.997003767922
9.056 -0.246872518267 -0.102604787862 0.806324233146 0.793273077847 0.417324928141 -0.987439858248
9.075 -0.244003123457 -0.104541101382 0.806292326413 0.792847950779 0.417412422656 -0.977879925528
9.095 -0.241113912836 -0.106449677046 0.806259958404 0.792421594109 0.417502795173 -0.968322801739
9.115 -0.238205105724 -0.108330356656 0.80622711703 0.791994018368 0.417596066947 -0.958768296186
9.135 -0.235277006819 -0.110182945048 0.806193795751 0.791565259379 0.417692234397 -0.949216432565
9.155 -0.23232993938 -0.112007236597 0.80615998795 0.791135352722 0.417791298959 -0.939667301044
9.175 -0.229364472074 -0.113802891056 0.80612567503 0.790704351768 0.41789325989 -0.930121745333
9.195 -0.22638093651 -0.115569714341 0.806090853633 0.790272293238 0.417998122398 -0.920579870417
9.215 -0.223379332208 -0.117307695468 0.80605554506 0.789839196078 0.418105900146 -0.911040769884
9.235 -0.220359878569 -0.119016702108 0.806019752671 0.789405088956 0.41821659973 -0.901504204528
9.255 -0.217322882682 -0.120696561468 0.80598346572 0.788969995726 0.418330226052 -0.891970193444
9.275 -0.214268669152 -0.122347096113 0.805946675387 0.788533943692 0.418446783072 -0.882438804881
9.295 -0.211197818369 -0.123968012802 0.805909343336 0.788096958033 0.418566271536 -0.872910865207
9.315 -0.208110678105 -0.125559134266 0.805871487525 0.787659099011 0.418688689369 -0.863386488928
9.335 -0.20500724871 -0.127120457723 0.805833133135 0.787220388967 0.418814044377 -0.853864754555
9.355 -0.201887770111 -0.128651865306 0.805794276889 0.786780847128 0.41894234196 -0.844345460465
9.375 -0.198752556668 -0.13015320996 0.805754903591 0.786340486942 0.419073587233 -0.834828625596
9.395 -0.195601923377 -0.131624350689 0.805714994017 0.785899315972 0.419207786089 -0.825314268013
9.415 -0.192436209641 -0.133065136545 0.805674541303 0.785457359149 0.419344941402 -0.815802469962
9.435 -0.189256015479 -0.134475314449 0.805633525327 0.785014657456 0.41948504876 -0.806294066153
9.455 -0.186061685144 -0.13585474873 0.805591949785 0.784571246771 0.419628108208 -0.796789132219
9.475 -0.182853242694 -0.137203437042 0.805549830348 0.784127135137 0.419774129833 -0.787286819514
9.495 -0.179631188051 -0.138521191211 0.805507145516 0.783682344479 0.419923112961 -0.777787660552
9.515 -0.176395635226 -0.139807975048 0.80546390548 0.783236885507 0.420075065946 -0.768291069168
9.535 -0.173147094661 -0.141063612906 0.805420079207 0.782790765679 0.420229989778 -0.758797607689
9.555 -0.16988566103 -0.142288078596 0.805375681673 0.782343997374 0.420387893302 -0.749306631738
9.575 -0.166611570577 -0.143481292783 0.805330722071 0.781896602643 0.420548781194 -0.739817902348
9.595 -0.16332514915 -0.144643154214 0.805285190013 0.781448587364 0.420712658273 -0.730331444919
9.615 -0.160026726271 -0.145773568981 0.805239075386 0.78099995634 0.420879525446 -0.720847284598
9.635 -0.156716629082 -0.146872452048 0.805192358956 0.780550699534 0.421049386984 -0.711365449998
9.655 -0.153395174364 -0.147939721246 0.805145016439 0.780100796607 0.421222260445 -0.701885969163
9.675 -0.150062710849 -0.148975288837 0.805097036108 0.779650246487 0.421398153832 -0.692408934125
9.695 -0.14671983359 -0.149979008701 0.8050484036 0.779199073723 0.421577055136 -0.682935093916
9.715 -0.143366651852 -0.150950874313 0.804999125899 0.778747267185 0.421758982223 -0.673463866654
9.735 -0.140003674832 -0.151890781356 0.804949175328 0.778294815255 0.421943940315 -0.663995797944
9.755 -0.136631015296 -0.152798731305 0.804898557185 0.777841699253 0.422131944926 -0.654530314298
9.775 -0.133249222935 -0.153674635215 0.804847230962 0.777387885865 0.422322992229 -0.645068069096
9.795 -0.129858654387 -0.154518446391 0.804795182458 0.776933354573 0.422517102258 -0.635609196086
9.815 -0.126459305367 -0.155330205766 0.804742415455 0.776478061016 0.422714303697 -0.626152823541
9.835 -0.123051443393 -0.156109899727 0.80468891607 0.776021963176 0.422914605838 -0.616698822235
9.855 -0.119635665341 -0.156857447313 0.804634660107 0.775565043671 0.423118011595 -0.607247977038
9.875 -0.116212049818 -0.157572871269 0.804579654908 0.775107265217 0.423324559619 -0.597799666621
9.895 -0.112780843292 -0.158256180043 0.804523880395 0.77464856165 0.423534277419 -0.588353746508
9.915 -0.109342377027 -0.158907378185 0.804467311055 0.774188860448 0.423747181135 -0.578910296789
9.935 -0.105897000133 -0.159526480668 0.804409907628 0.773728061539 0.423963293972 -0.569469480227
9.955 -0.102445297921 -0.160113473583 0.804351620675 0.773266075853 0.424182639208 -0.56003212255
9.975 -0.0989873642526 -0.160668417139 0.804292437522 0.772802806885 0.424405272332 -0.550597711445
9.995 -0.09552373351 -0.161191343317 0.80423228714 0.772338098923 0.424631224896 -0.541166990014
10.015 -0.0920547609799 -0.161682228919 0.804171119199 0.771871801234 0.424860559544 -0.531740262997
10.035 -0.0885807219413 -0.162141209019 0.804108931468 0.771403826338 0.425093301188 -0.522317439971
10.055 -0.085101618937 -0.162568425178 0.804045703582 0.770934010685 0.425329518132 -0.512897806862
10.075 -0.0816179527339 -0.162963973035 0.803981356593 0.770462131644 0.425569265881 -0.503482096472
10.095 -0.0781297944414 -0.163327978847 0.803915863092 0.769987992181 0.425812617363 -0.494069826888
10.115 -0.0746373544265 -0.163660565537 0.803849181976 0.769511378199 0.426059657716 -0.484660940996
10.135 -0.0711409320653 -0.163961888725 0.803781243291 0.769032000275 0.426310469757 -0.475255686294
10.155 -0.0676408347335 -0.16423213729 0.803711954964 0.768549506788 0.426565162216 -0.465854424431
10.175 -0.0641376018107 -0.164471511087 0.803641206734 0.768063525114 0.426823852874 -0.456458202336
10.195 -0.0606312655136 -0.164680235184 0.803568937452 0.767573679384 0.427086682837 -0.447066657762
10.215 -0.0571220238658 -0.164858596187 0.803495025086 0.7670794458 0.427353820852 -0.437680058935
10.235 -0.0536103891147 -0.165006907844 0.803419321904 0.766580253184 0.427625438588 -0.428299599795
10.255 -0.0500963684627 -0.16512550638 0.803341727784 0.766075504339 0.42790173504 -0.418925087788
