controlled robot state:time  position_x  position_y position_z R P Y
 0.174 0.289634257412 0.163941 0.812013595069 0.75542742034 0.414690022591 1.16654722155
0.194 0.289634257412 0.163941 0.812013595069 0.75542742034 0.414690022591 1.16654722155
0.214 0.289634257412 0.163941 0.812013595069 0.75542742034 0.414690022591 1.16654722155
0.234 0.289634257412 0.163941 0.812013595069 0.75542742034 0.414690022591 1.16654722155
0.254 0.289634257412 0.163941 0.812013595069 0.75542742034 0.414690022591 1.16654722155
0.274 0.289634257412 0.163941 0.812013595069 0.75542742034 0.414690022591 1.16654722155
0.294 0.289634257412 0.163941 0.812013595069 0.75542742034 0.414690022591 1.16654722155
0.314 0.289634257412 0.163941 0.812013595069 0.75542742034 0.414690022591 1.16654722155
0.334 0.289634257412 0.163941 0.812013595069 0.75542742034 0.414690022591 1.16654722155
0.354 0.289634257412 0.163941 0.812013595069 0.75542742034 0.414690022591 1.16654722155
0.374 0.289634257412 0.163941 0.812013595069 0.75542742034 0.414690022591 1.16654722155
0.394 0.289634257412 0.163941 0.812013595069 0.75542742034 0.414690022591 1.16654722155
0.414 0.289634257412 0.163941 0.812013595069 0.75542742034 0.414690022591 1.16654722155
0.434 0.289634257412 0.163941 0.812013595069 0.75542742034 0.414690022591 1.16654722155
0.454 0.289634257412 0.163941 0.812013595069 0.75542742034 0.414690022591 1.16654722155
0.474 0.289634217274 0.163942337404 0.812013595069 0.75542742034 0.414690022591 1.16655122755
0.494 0.289629410834 0.164101150716 0.812013591183 0.755427418917 0.414690023378 1.16702688778
0.514 0.289616787722 0.164510246504 0.812013769456 0.755427479589 0.414689989866 1.16825442838
0.534 0.28959627955 0.165148354499 0.812014384987 0.75542768128 0.414689878461 1.17017322194
0.554 0.289567349239 0.165996081187 0.812015603593 0.755428061829 0.414689668297 1.17272722544
0.574 0.289529119116 0.167035812916 0.81201752196 0.755428629717 0.41468935478 1.17586493687
0.594 0.289480474601 0.168251525416 0.812020184081 0.755429373249 0.414688944512 1.1795390281
0.614 0.289420145428 0.169628616055 0.812023594481 0.755430267609 0.414688451368 1.18370600698
0.634 0.289346768857 0.171153756124 0.812027728796 0.755431280228 0.414687893505 1.18832590683
0.654 0.289258938487 0.172814760644 0.812032542198 0.755432374795 0.414687291122 1.19336200091
0.674 0.289155241563 0.174600473463 0.812037976036 0.755433514194 0.414686664822 1.19878053998
0.694 0.289034285054 0.176500690968 0.812043962017 0.755434662603 0.41468603444 1.2045505755
0.714 0.288894644108 0.178506040909 0.812050412305 0.755435786279 0.414685418618 1.21064351725
0.734 0.288735073407 0.180607647405 0.812057268796 0.755436855902 0.414684833482 1.21703261122
0.754 0.288554393391 0.182797769851 0.812064462685 0.755437846653 0.414684292634 1.22369443212
0.774 0.288351454831 0.185069084231 0.812071923791 0.755438737677 0.414683807448 1.23060686442
0.794 0.288125187009 0.187414833692 0.812079585643 0.755439512545 0.414683386828 1.23774958549
0.814 0.287874599443 0.189828778356 0.812087386299 0.755440159113 0.414683037291 1.2451039208
0.834 0.287598781869 0.192305150124 0.812095268852 0.755440669267 0.414682763119 1.25265271033
0.854 0.287296902938 0.194838612066 0.812103181695 0.755441038601 0.41468256655 1.26038018575
0.874 0.28696820796 0.197424221852 0.812111078611 0.755441266047 0.414682447988 1.26827185756
0.894 0.286612015952 0.200057398742 0.812118918712 0.755441353487 0.414682406225 1.27631441143
0.914 0.286227716218 0.202733893736 0.812126666287 0.755441305358 0.414682438661 1.28449561282
0.934 0.285814764603 0.20544976252 0.812134290567 0.755441128268 0.414682541524 1.29280421948
0.954 0.285372679583 0.2082013409 0.812141765442 0.755440830627 0.414682710077 1.30122990094
0.974 0.284901038263 0.210985222446 0.812149069151 0.755440422297 0.414682938805 1.30976316455
0.994 0.28439947239 0.21379823813 0.812156183944 0.755439914275 0.414683221599 1.31839528754
1.014 0.283867664427 0.216637437727 0.812163095744 0.7554393184 0.41468355191 1.32711825458
1.034 0.283305343737 0.219500072819 0.812169793808 0.755438647092 0.414683922895 1.33592470037
1.054 0.282712282913 0.222383581221 0.812176270396 0.755437913118 0.41468432754 1.34480785697
1.074 0.282088294276 0.22528557272 0.812182520447 0.755437129387 0.414684758775 1.35376150528
1.094 0.281433226552 0.228203815968 0.812188541282 0.755436308775 0.414685209563 1.36277993058
1.114 0.280746961749 0.231136226445 0.812194332314 0.755435463977 0.414685672982 1.37185788158
1.134 0.280029412226 0.234080855388 0.812199894781 0.755434607372 0.414686142294 1.38099053286
1.154 0.279280517962 0.237035879594 0.812205231499 0.755433750927 0.414686610992 1.39017345028
1.174 0.278500244014 0.239999592026 0.812210346631 0.755432906107 0.414687072855 1.39940255932
1.194 0.277688578176 0.242970393145 0.812215245485 0.75543208381 0.41468752197 1.40867411582
1.214 0.276845528812 0.245946782924 0.812219934319 0.755431294315 0.414687952765 1.41798467927
1.234 0.275971122866 0.248927353461 0.812224420169 0.75543054725 0.414688360025 1.42733108812
1.254 0.275065404045 0.251910782166 0.812228710701 0.75542985156 0.4146887389 1.43671043718
1.274 0.274128430643 0.254895828584 0.812232813636 0.755429215429 0.414689084954 1.44612006171
1.294 0.273160265727 0.257881151312 0.812236725896 0.75542864555 0.41468939456 1.45555693026
1.314 0.272161006327 0.260865672942 0.81224046488 0.755428149806 0.414689663428 1.46501893189
1.334 0.271130751716 0.263848519747 0.81224404513 0.755427734451 0.414689888148 1.47450450568
1.354 0.270069606564 0.26682870864 0.812247475443 0.755427405015 0.4146900657 1.48401174206
1.374 0.268977684427 0.269805310439 0.812250764633 0.755427166386 0.4146901934 1.49353888578
1.394 0.267855106823 0.272777446091 0.812253921481 0.755427022835 0.414690268891 1.50308432389
1.414 0.266702002414 0.275744283008 0.812256954673 0.755426978046 0.414690290126 1.51264657422
1.434 0.26551850627 0.278705031686 0.812259872758 0.755427035142 0.41469025535 1.52222427475
1.454 0.264304759204 0.28165894257 0.812262684104 0.755427196721 0.414690163086 1.53181617387
1.474 0.263060907196 0.284605303155 0.812265396868 0.755427464884 0.414690012114 1.54142112145
1.494 0.261787100868 0.287543435303 0.812268018971 0.755427841269 0.414689801458 1.55103806058
1.514 0.26048349503 0.290472692763 0.81227055807 0.755428327088 0.414689530362 1.56066602001
1.534 0.259150248271 0.293392458869 0.812273021547 0.755428923154 0.414689198279 1.57030410726
1.554 0.25778752261 0.296302144422 0.812275416496 0.755429629917 0.414688804849 1.57995150216
1.574 0.25639548318 0.299201185721 0.812277749707 0.755430447494 0.414688349885 1.58960745104
1.594 0.254974297963 0.302089042744 0.812280027671 0.755431375698 0.414687833358 1.5992712613
1.614 0.253524137551 0.304965197471 0.812282256566 0.755432414073 0.414687255377 1.6089422965
1.634 0.252045174943 0.307829152331 0.812284442265 0.755433561914 0.414686616179 1.61861997177
1.654 0.250537585377 0.310680428761 0.812286590331 0.755434818303 0.414685916112 1.62830374966
1.674 0.249001546154 0.31351856762 0.81228870579 0.755436181795 0.414685155803 1.63799313802
1.694 0.247437236073 0.316343143254 0.812290791056 0.755437647551 0.414684337727 1.64768770201
1.714 0.245844836398 0.319153704412 0.81229285373 0.755439218421 0.414683460167 1.65738700197
1.734 0.244224530084 0.321949836383 0.812294898181 0.75544089283 0.414682523806 1.66709065473
1.754 0.24257650178 0.324731137785 0.812296928497 0.755442669101 0.414681529381 1.67679830822
1.774 0.240900937767 0.327497219655 0.812298948492 0.755444545471 0.414680477671 1.68650963891
1.794 0.239198025916 0.330247704623 0.812300961717 0.755446520116 0.414679369484 1.69622434946
1.814 0.237467955647 0.332982226157 0.81230297147 0.75544859116 0.414678205658 1.70594216666
1.834 0.235710917908 0.335700427866 0.812304980802 0.755450756693 0.414676987042 1.71566283943
1.854 0.233927105153 0.338401962853 0.812306992529 0.755453014785 0.414675714497 1.72538613705
1.874 0.23211671133 0.341086493127 0.812309009243 0.755455363496 0.414674388889 1.7351118475
1.894 0.230279931875 0.343753689052 0.812311033315 0.755457800889 0.414673011077 1.74483977593
1.914 0.228416963709 0.346403228851 0.812313066914 0.75546032504 0.414671581916 1.75456974331
1.934 0.226528005241 0.349034798134 0.812315112007 0.755462934046 0.414670102247 1.7643015851
1.954 0.22461325637 0.351648089484 0.812317170375 0.755465626034 0.414668572892 1.77403515012
1.974 0.222672918496 0.354242802057 0.812319243618 0.755468399166 0.414666994655 1.78377029943
1.994 0.22070719476 0.35681864218 0.81232133301 0.755471251152 0.414665368584 1.79350690485
2.014 0.218716362215 0.359375141082 0.812323432304 0.755474172934 0.414663699427 1.80324422646
2.034 0.216700605424 0.361912066028 0.812325547158 0.7554771702 0.414661983911 1.81298236415
2.054 0.214660075746 0.364429293739 0.812327683253 0.755480242925 0.41466022183 1.8227217181
2.074 0.212594982313 0.366926549543 0.812329841251 0.755483389443 0.414658413886 1.83246219099
2.094 0.210505535894 0.369403563586 0.812332021699 0.75548660816 0.414656560744 1.84220369288
2.114 0.20839194885 0.371860070769 0.812334225032 0.755489897557 0.414654663027 1.85194614116
2.134 0.20625443514 0.374295810539 0.812336451589 0.755493256189 0.414652721315 1.8616894599
2.154 0.204093210338 0.376710526705 0.812338701606 0.755496682691 0.414650736144 1.87143357936
2.174 0.201908491639 0.379103967259 0.812340975232 0.755500175777 0.414648708008 1.88117843545
2.194 0.199700497868 0.381475884227 0.812343272526 0.755503734236 0.414646637356 1.89092396927
2.214 0.197469449494 0.383826033519 0.812345593468 0.75550735694 0.414644524593 1.90067012673
2.234 0.19521556863 0.386154174804 0.812347937958 0.755511042834 0.414642370082 1.91041685813
2.254 0.192939079048 0.388460071388 0.812350305824 0.755514790945 0.414640174139 1.92016411779
2.274 0.190640206182 0.390743490107 0.812352696825 0.755518600374 0.414637937037 1.92991186378
2.294 0.188319177133 0.393004201231 0.812355110657 0.755522470299 0.414635659008 1.93966005756
2.314 0.185976220673 0.395241978373 0.812357546952 0.755526399972 0.414633340238 1.94940866373
2.334 0.18361156725 0.397456598411 0.812360005287 0.755530388718 0.414630980874 1.95915764978
2.354 0.181225448988 0.399647841419 0.812362485186 0.755534435934 0.414628581018 1.96890698585
2.374 0.17881809969 0.401815490594 0.81236498612 0.755538541087 0.414626140733 1.97865664451
2.394 0.176389754838 0.403959332208 0.812367507516 0.755542703713 0.414623660042 1.98840660057
2.414 0.173940651588 0.406079155546 0.812370048755 0.755546923414 0.414621138927 1.9981568309
2.434 0.171471028773 0.408174752868 0.812372609179 0.755551199858 0.414618577334 2.00790731426
2.454 0.168981126896 0.410245919364 0.812375188091 0.755555532773 0.414615975169 2.01765803117
2.474 0.166471188129 0.412292453116 0.812377784756 0.755559921951 0.414613332302 2.02740896371
2.494 0.163941456303 0.414314155069 0.81238039841 0.75556436724 0.414610648568 2.03716009545
2.514 0.161392176906 0.416310829001 0.812383028256 0.755568868548 0.414607923767 2.04691141133
2.534 0.158823597073 0.418282281498 0.812385673469 0.755573425833 0.414605157664 2.05666289748
2.554 0.156235965578 0.420228321934 0.812388333198 0.755578039111 0.414602349993 2.06641454123
2.574 0.153629532826 0.422148762454 0.812391006567 0.755582708444 0.414599500455 2.07616633091
2.594 0.151004550842 0.424043417955 0.812393692677 0.755587433944 0.414596608721 2.08591825584
2.614 0.148361273259 0.425912106075 0.812396390612 0.755592215771 0.414593674432 2.09567030623
2.634 0.145699955306 0.427754647185 0.812399099432 0.755597054126 0.4145906972 2.10542247309
2.654 0.1430208538 0.429570864374 0.812401818184 0.755601949254 0.414587676611 2.11517474819
2.674 0.140324227124 0.431360583453 0.812404545898 0.755606901441 0.414584612223 2.12492712398
2.694 0.13761033522 0.433123632938 0.812407281589 0.755611911008 0.414581503569 2.13467959355
2.714 0.134879439571 0.434859844057 0.812410024259 0.755616978316 0.414578350156 2.14443215056
2.734 0.132131803185 0.436569050743 0.8124127729 0.755622103758 0.414575151471 2.15418478922
2.754 0.12936769058 0.438251089636 0.812415526493 0.755627287759 0.414571906975 2.16393750423
2.774 0.126587367765 0.439905800082 0.81241828401 0.755632530775 0.414568616109 2.17369029074
2.794 0.123791102225 0.441533024136 0.812421044414 0.755637833292 0.414565278293 2.18344314431
2.814 0.120979162899 0.443132606565 0.812423806662 0.75564319582 0.414561892928 2.19319606088
2.834 0.118151820166 0.444704394852 0.812426569705 0.755648618897 0.414558459396 2.20294903676
2.854 0.11530934582 0.4462482392 0.812429332489 0.755654103082 0.414554977062 2.21270206856
2.874 0.112452013055 0.447763992535 0.812432093955 0.755659648958 0.414551445273 2.22245515321
2.894 0.109580096442 0.449251510518 0.812434853042 0.755665257125 0.414547863361 2.2322082879
2.914 0.106693871909 0.450710651544 0.812437608685 0.755670928206 0.414544230642 2.24196147006
2.934 0.103793616717 0.452141276753 0.812440359818 0.755676662836 0.414540546419 2.25171469737
2.954 0.100879609444 0.453543250037 0.812443105376 0.755682461671 0.41453680998 2.26146796773
2.974 0.0979521299562 0.454916438046 0.812445844289 0.755688325376 0.414533020603 2.2712212792
2.994 0.0950114593897 0.456260710197 0.812448575492 0.755694254632 0.414529177552 2.28097463005
3.014 0.0920578801255 0.457575938682 0.812451297918 0.755700250131 0.414525280082 2.2907280187
3.034 0.0890916757671 0.458861998476 0.812454010504 0.755706312574 0.414521327436 2.30048144374
3.054 0.0861131311158 0.460118767346 0.812456712186 0.755712442673 0.414517318848 2.31023490388
3.074 0.0831225321475 0.461346125858 0.812459401905 0.755718641146 0.414513253544 2.31998839797
3.094 0.0801201659876 0.462543957388 0.812462078604 0.755724908718 0.414509130743 2.32974192496
3.114 0.0771063208866 0.463712148128 0.812464741232 0.75573124612 0.414504949655 2.33949548394
3.134 0.074081286195 0.464850587098 0.812467388738 0.755737654087 0.414500709483 2.34924907407
3.154 0.0710453526315 0.465959167127 0.812470020113 0.755744132591 0.414496409825 2.35900269378
3.174 0.0679989844088 0.467037672961 0.812472631726 0.755750668711 0.414492057342 2.36875571649
3.194 0.0649424173022 0.468086031834 0.812475223329 0.755757275538 0.414487644703 2.37850835344
3.214 0.0618758077037 0.469104242435 0.812477796276 0.75576395827 0.414483168499 2.38826110326
3.234 0.0587994514388 0.470092206499 0.812480349477 0.755770717435 0.414478628019 2.39801395915
3.254 0.0557136453142 0.471049828677 0.812482881854 0.755777553575 0.414474022541 2.40776691443
3.274 0.0526186869548 0.471977016636 0.812485392342 0.755784467247 0.414469351332 2.41751996297
3.294 0.0495148747833 0.472873681056 0.812487879891 0.755791459023 0.414464613647 2.42727309918
3.314 0.046402508 0.473739735628 0.812490343461 0.755798529488 0.414459808737 2.43702631792
3.334 0.0432818865609 0.474575097052 0.812492782027 0.755805679233 0.41445493584 2.44677961453
3.354 0.040153311156 0.475379685039 0.812495194576 0.755812908862 0.414449994193 2.45653298471
3.374 0.0370170831869 0.476153422307 0.812497580108 0.755820218982 0.414444983022 2.46628642457
3.394 0.0338735047441 0.476896234585 0.812499937635 0.755827610205 0.414439901554 2.47603993054
3.414 0.0307228785828 0.477608050611 0.81250226618 0.755835083147 0.414434749007 2.48579349938
3.434 0.0275655080998 0.478288802133 0.81250456478 0.755842638424 0.414429524601 2.49554712811
3.454 0.0244016973088 0.478938423916 0.812506832483 0.755850276656 0.414424227551 2.50530081404
3.474 0.0212317508156 0.479556853733 0.812509068348 0.755857998458 0.414418857073 2.51505455473
3.494 0.0180559737931 0.480144032377 0.812511271449 0.755865804447 0.414413412379 2.52480834793
3.514 0.0148746719561 0.480699903657 0.812513440868 0.755873695235 0.414407892685 2.53456219164
3.534 0.011688151535 0.481224414402 0.812515575704 0.75588167143 0.414402297206 2.544316084
3.554 0.00849671925016 0.481717514462 0.812517675064 0.755889733639 0.414396625158 2.55407002337
3.574 0.00530068228524 0.482179156711 0.812519738068 0.755897882459 0.41439087576 2.56382400823
3.594 0.0021003485049 0.482609298089 0.812521763905 0.755906117691 0.414385048633 2.57357803639
3.614 -0.00110377747173 0.483007828057 0.812523750345 0.755914425193 0.414379150959 2.58333148022
3.634 -0.00431145229035 0.483374724874 0.812525696631 0.755922818568 0.414373175259 2.59308455084
3.654 -0.00752252421308 0.483710019622 0.812527603514 0.75593130348 0.414367117771 2.60283774656
3.674 -0.0107366823962 0.484013679107 0.812529470138 0.755939880257 0.414360977846 2.61259106016
3.694 -0.0139536156753 0.48428567322 0.812531295661 0.755948549232 0.414354754834 2.62234448452
3.714 -0.0171730127463 0.484525974991 0.812533079259 0.755957310752 0.414348448078 2.63209801315
3.734 -0.0203945621849 0.484734560585 0.812534820124 0.75596616517 0.41434205692 2.6418516401
3.754 -0.0236179524648 0.484911409297 0.812536517465 0.75597511285 0.414335580699 2.65160535993
3.774 -0.0268428719782 0.485056503539 0.812538170507 0.755984154157 0.414329018751 2.66135916767
3.794 -0.0300690090566 0.485169828842 0.812539778489 0.755993289461 0.414322370415 2.67111305875
3.814 -0.033296051992 0.485251373843 0.812541340669 0.756002519137 0.414315635027 2.68086702904
3.834 -0.036523689059 0.485301130286 0.812542856318 0.756011843556 0.414308811927 2.69062107474
3.854 -0.0397516085375 0.485319093012 0.812544324725 0.756021263092 0.414301900456 2.70037519239
3.874 -0.042979498736 0.48530525996 0.81254574519 0.756030778115 0.414294899958 2.71012937884
3.894 -0.0462070478191 0.485259633239 0.812547117086 0.756040388192 0.41428781017 2.71988363035
3.914 -0.0494337368377 0.485182177743 0.812548438915 0.756050078507 0.414280638527 2.72963731759
3.934 -0.0526593231805 0.485072906865 0.812549709907 0.756059862703 0.414273377716 2.73939065064
3.954 -0.0558836618307 0.484931872836 0.812550930543 0.756069746525 0.414266023924 2.74914412678
3.974 -0.0591064396411 0.484759088062 0.812552100175 0.756079730077 0.414258576636 2.75889773768
3.994 -0.062327343632 0.484554568066 0.812553218176 0.756089813474 0.414251035335 2.76865147525
4.014 -0.0655460611789 0.484318331523 0.812554283934 0.756099996845 0.414243399501 2.77840533205
4.034 -0.068762280027 0.484050400247 0.812555296857 0.756110280333 0.414235668612 2.78815930131
4.054 -0.0719756883075 0.483750799177 0.812556256369 0.756120664088 0.414227842144 2.79791337679
4.074 -0.0751859745547 0.483419556372 0.812557161913 0.75613114827 0.414219919574 2.80766755283
4.094 -0.0783928277232 0.483056702993 0.812558012947 0.756141733045 0.414211900379 2.81742182421
4.114 -0.0815959372075 0.482662273303 0.812558808947 0.756152418582 0.414203784037 2.82717618618
4.134 -0.084794992711 0.482236305761 0.812559549444 0.756163204251 0.414195570409 2.83693063352
4.154 -0.0879894719183 0.481778826772 0.812560233374 0.756174074801 0.414187267052 2.8466845353
4.174 -0.0911791363806 0.481289877567 0.812560860149 0.75618504382 0.4141788669 2.85643810058
4.194 -0.0943638485321 0.480769526506 0.812561430111 0.756196117044 0.414170366176 2.86619182557
4.214 -0.0975432981706 0.4802178225 0.812561942804 0.756207294398 0.414161764497 2.87594570093
4.234 -0.100717175661 0.479634817555 0.812562397789 0.756218575823 0.414153061476 2.88569971756
4.254 -0.103885172123 0.479020566778 0.812562794646 0.756229961278 0.414144256724 2.89545386718
4.274 -0.107046979442 0.478375128364 0.812563132971 0.756241450739 0.414135349849 2.90520814218
4.294 -0.110202290282 0.477698563581 0.812563412381 0.756253044196 0.414126340458 2.91496253558
4.314 -0.113350798101 0.476990936757 0.812563632509 0.756264741653 0.414117228155 2.92471704103
4.334 -0.116492197162 0.476252315268 0.812563793007 0.75627654312 0.414108012548 2.93447165268
4.354 -0.11962618255 0.475482769524 0.812563893544 0.756288448621 0.414098693244 2.94422636521
4.374 -0.122752450193 0.474682372955 0.812563933806 0.756300458182 0.414089269853 2.95398117374
4.394 -0.125870696875 0.473851202003 0.812563913496 0.756312571838 0.414079741989 2.96373607382
4.414 -0.128980620253 0.472989336111 0.812563832337 0.756324789626 0.414070109267 2.97349106138
4.434 -0.132081918885 0.472096857704 0.812563690067 0.756337111588 0.414060371309 2.98324613273
4.454 -0.135174292239 0.471173852185 0.812563486441 0.756349537768 0.41405052774 2.99300128446
4.474 -0.138257440723 0.47022040792 0.812563221234 0.756362068212 0.414040578192 3.00275651351
4.494 -0.141331065699 0.46923661623 0.812562894235 0.756374702964 0.4140305223 3.01251181707
4.514 -0.144394869512 0.468222571372 0.812562505253 0.756387442071 0.414020359708 3.02226719258
4.534 -0.147448555504 0.467178370538 0.812562054112 0.75640028558 0.414010090065 3.03202263773
4.554 -0.150491828044 0.466104113836 0.812561540655 0.756413233534 0.413999713027 3.04177815042
4.574 -0.153524392545 0.464999904282 0.81256096474 0.756426285976 0.413989228256 3.05153372874
4.594 -0.156545955492 0.463865847785 0.812560326245 0.756439442949 0.413978635424 3.06128937097
4.614 -0.159556224463 0.462702053141 0.812559625063 0.75645270449 0.413967934208 3.07104507555
4.634 -0.162554908156 0.461508632017 0.812558861106 0.756466070636 0.413957124296 3.08080084107
4.654 -0.165541716406 0.460285698939 0.812558034301 0.756479541422 0.413946205379 3.09055666628
4.674 -0.16851636022 0.459033371284 0.812557144594 0.756493116877 0.413935177161 3.10031255005
4.694 -0.171478551792 0.457751769264 0.812556191948 0.756506797031 0.413924039352 3.11006849136
4.714 -0.174428004532 0.456441015913 0.812555176343 0.756520581907 0.41391279167 3.11982448931
4.734 -0.177364433093 0.45510123708 0.812554097777 0.756534471527 0.413901433844 3.12958054309
4.754 -0.18028755339 0.453732561409 0.812552956263 0.75654846591 0.413889965608 3.13933665201
4.774 -0.18319708263 0.452335120333 0.812551751835 0.75656256507 0.413878386708 -3.13409249175
4.794 -0.186092739338 0.450909048056 0.81255048454 0.756576769019 0.413866696896 -3.12433627436
4.814 -0.188974243375 0.449454481544 0.812549154445 0.756591077765 0.413854895935 -3.11458000347
4.834 -0.191841315972 0.447971560505 0.812547761635 0.756605491313 0.413842983596 -3.10482367949
4.854 -0.194693679751 0.446460427384 0.81254630621 0.756620009665 0.413830959659 -3.09506730275
4.874 -0.197531058748 0.444921227341 0.812544788289 0.756634632819 0.413818823912 -3.08531087355
4.894 -0.200353178444 0.443354108243 0.812543208007 0.75664936077 0.413806576152 -3.07555439211
4.914 -0.203159765786 0.441759220647 0.812541565518 0.756664193512 0.413794216187 -3.06579785862
4.934 -0.205950549243 0.440136718962 0.812539860921 0.756679130218 0.413781744152 -3.05604127415
4.954 -0.208725050785 0.438486830483 0.812538093443 0.756694155079 0.413769167361 -3.04628526684
4.974 -0.211483071261 0.436809682613 0.812536264274 0.756709281696 0.413756479854 -3.03652962309
4.994 -0.214224512921 0.435105389591 0.812534373828 0.756724515852 0.413743678181 -3.02677384305
5.014 -0.216949108086 0.433374115398 0.812532422336 0.756739857272 0.413730762301 -3.0170179331
5.034 -0.219656590726 0.431616026659 0.812530410043 0.756755305693 0.413717732176 -3.00726189954
5.054 -0.222346696639 0.429831292579 0.812528337216 0.756770860873 0.413704587766 -2.99750574813
5.074 -0.225019163464 0.428020084921 0.812526204137 0.75678652259 0.413691329034 -2.98774948412
5.094 -0.227673730694 0.426182577993 0.812524011109 0.756802290634 0.413677955942 -2.97799311233
5.114 -0.230310139681 0.424318948629 0.812521758449 0.756818164815 0.413664468453 -2.96823663712
5.134 -0.232928133655 0.422429376175 0.812519446495 0.756834144952 0.413650866534 -2.95848006249
5.154 -0.235527457734 0.420514042464 0.8125170756 0.756850230878 0.413637150154 -2.94872339207
5.174 -0.23810785894 0.41857313181 0.812514646135 0.756866422439 0.413623319284 -2.93896662917
5.194 -0.240669086211 0.416606830977 0.812512158491 0.75688271949 0.4136093739 -2.9292097768
5.214 -0.24321089042 0.414615329175 0.812509613073 0.756899121893 0.41359531398 -2.91945283768
5.234 -0.245733024387 0.412598818029 0.812507010304 0.756915629524 0.413581139508 -2.90969581428
5.254 -0.248235242899 0.410557491572 0.812504350626 0.756932242261 0.41356685047 -2.89993870884
5.274 -0.250717302726 0.408491546217 0.812501634496 0.756948959995 0.413552446859 -2.89018152338
5.294 -0.253178962634 0.406401180745 0.81249886239 0.756965782621 0.413537928671 -2.88042425973
5.314 -0.255619983412 0.404286596285 0.812496034798 0.75698271004 0.413523295907 -2.87066691951
5.334 -0.258040127878 0.402147996292 0.81249315223 0.75699974216 0.413508548573 -2.86090950421
5.354 -0.26043916105 0.399985587717 0.812490215048 0.757016878072 0.413493686966 -2.8511520161
5.374 -0.262816657753 0.397799692465 0.812487221881 0.75703410182 0.413478718024 -2.84139508498
5.394 -0.265172451011 0.395590475302 0.812484175475 0.757051427039 0.413463636547 -2.8316384977
5.414 -0.267506469397 0.393358067462 0.812481076581 0.757068859459 0.413448439406 -2.82188175514
5.434 -0.26981848387 0.391102684436 0.81247792577 0.757086398759 0.413433126733 -2.81212486448
5.454 -0.272108267573 0.388824543963 0.812474723633 0.757104044639 0.413417698662 -2.8023678328
5.474 -0.274375596005 0.386523865928 0.812471470776 0.757121796827 0.41340215532 -2.79261066652
5.494 -0.276620247023 0.384200872337 0.812468167824 0.757139655072 0.413386496835 -2.78285337154
5.514 -0.278842000845 0.381855787304 0.81246481542 0.757157619149 0.413370723334 -2.77309595322
5.534 -0.281040640056 0.379488837032 0.812461414222 0.75717568885 0.413354834942 -2.76333841644
5.554 -0.283215949617 0.377100249791 0.812457964907 0.757193863989 0.413338831784 -2.75358076568
5.574 -0.285367716869 0.374690255899 0.812454468169 0.757212144396 0.413322713986 -2.74382300497
5.594 -0.287495731546 0.372259087705 0.812450924716 0.757230529918 0.413306481674 -2.73406513801
5.614 -0.289599785779 0.369806979566 0.812447335275 0.757249020416 0.413290134975 -2.72430716814
5.634 -0.291679674112 0.367334167828 0.812443700588 0.757267615767 0.413273674018 -2.7145490984
5.654 -0.293735193508 0.364840890805 0.812440021415 0.757286315861 0.413257098933 -2.70479093152
5.674 -0.295766143362 0.362327388757 0.812436298528 0.7573051206 0.413240409853 -2.69503266998
5.694 -0.297772325512 0.359793903871 0.812432532718 0.757324029898 0.41322360691 -2.68527431604
5.714 -0.299753544253 0.357240680235 0.812428724792 0.757343043681 0.413206690243 -2.67551587169
5.734 -0.301709606346 0.354667963822 0.812424875569 0.757362161884 0.41318965999 -2.66575733875
5.754 -0.303640321033 0.352076002464 0.812420985887 0.757381384454 0.413172516292 -2.65599871882
5.774 -0.305545500052 0.34946504583 0.812417056598 0.757400711346 0.413155259294 -2.64624001336
5.794 -0.307424957644 0.346835345405 0.812413088567 0.757420142526 0.413137889144 -2.63648122364
5.814 -0.309278510574 0.344187154463 0.812409082676 0.757439677967 0.41312040599 -2.62672235079
5.834 -0.311105978138 0.34152072805 0.81240503982 0.757459317652 0.413102809987 -2.61696339582
5.854 -0.31290718218 0.338836322956 0.812400960912 0.757479061572 0.413085101289 -2.60720435958
5.874 -0.314681947107 0.336134197693 0.812396846874 0.757498909725 0.413067280056 -2.59744524282
5.894 -0.3164300999 0.333414612469 0.812392698646 0.757518862118 0.413049346451 -2.5876860462
5.914 -0.318151470127 0.330677829167 0.812388517181 0.757538918765 0.413031300636 -2.57792677026
5.934 -0.31984588996 0.327924111321 0.812384303445 0.757559079688 0.413013142782 -2.56816741545
5.954 -0.32151319419 0.325153724087 0.812380058419 0.757579344915 0.412994873058 -2.55840798214
5.974 -0.323153220234 0.322366934221 0.812375783097 0.757599714483 0.41297649164 -2.54864847062
5.994 -0.324765808155 0.319564010057 0.812371478485 0.757620188435 0.412957998702 -2.53888888112
6.014 -0.326350800674 0.316745221475 0.812367145605 0.757640766819 0.412939394426 -2.52912921377
6.034 -0.327908043183 0.313910839883 0.812362785489 0.757661449695 0.412920678995 -2.51936946868
6.054 -0.329437383757 0.311061138185 0.812358399183 0.757682237124 0.412901852593 -2.50960964587
6.074 -0.33093867317 0.308196390761 0.812353987747 0.757703129178 0.412882915408 -2.49984974533
6.094 -0.332411764909 0.305316873437 0.812349552251 0.757724125934 0.412863867633 -2.49008976698
6.114 -0.333856515181 0.302422863459 0.812345093779 0.757745227475 0.412844709459 -2.48032971071
6.134 -0.335272782934 0.29951463947 0.812340613427 0.757766433891 0.412825441084 -2.47056957636
6.154 -0.336660429864 0.296592481481 0.812336112301 0.75778774528 0.412806062705 -2.46080936374
6.174 -0.338019320428 0.293656670845 0.812331591522 0.757809161745 0.412786574524 -2.45104907261
6.194 -0.339349321859 0.290707490229 0.812327052219 0.757830683396 0.412766976744 -2.44128870269
6.214 -0.340650304179 0.287745223591 0.812322495536 0.757852310349 0.41274726957 -2.4315282537
6.234 -0.341922140204 0.284770156148 0.812317922625 0.757874042728 0.41272745321 -2.4217677253
6.254 -0.343164705564 0.281782574351 0.81231333465 0.757895880662 0.412707527874 -2.41200711713
6.274 -0.344377878711 0.27878276586 0.812308732787 0.757917824287 0.412687493772 -2.40224642881
6.294 -0.345561540929 0.275771019513 0.812304118222 0.757939873745 0.412667351119 -2.39248565993
6.314 -0.346715576347 0.272747625299 0.812299492149 0.757962029185 0.412647100129 -2.38272481006
6.334 -0.34783987235 0.269712875462 0.812294855332 0.757984289892 0.412626741211 -2.37296387982
6.354 -0.348934194574 0.266667256571 0.81229020316 0.758006639924 0.412606279773 -2.36320349888
6.374 -0.349998476667 0.26361098886 0.812285543125 0.758029093645 0.412585712356 -2.35344345109
6.395 -0.351032719102 0.260544219265 0.812280877409 0.758051656823 0.412565036622 -2.34368323549
6.414 -0.352036818518 0.257467244868 0.812276207181 0.758074329389 0.412544252861 -2.33392285796
6.434 -0.353010674524 0.254380363743 0.812271533623 0.758097111297 0.412523361363 -2.32416232432
6.454 -0.353954189806 0.251283874786 0.812266857935 0.758120002528 0.412502362415 -2.31440163987
6.474 -0.354867270121 0.248178077695 0.812262181328 0.75814300309 0.412481256296 -2.30464080942
6.494 -0.35574982429 0.245063272952 0.812257505026 0.758166113012 0.412460043285 -2.29487983731
6.514 -0.3566017642 0.241939761801 0.812252830269 0.758189332346 0.412438723655 -2.28511872749
6.534 -0.357423004801 0.238807846231 0.812248158308 0.758212661167 0.412417297678 -2.27535748351
6.554 -0.358213464099 0.235667828948 0.812243490403 0.758236099565 0.412395765623 -2.26559610859
6.574 -0.358973063163 0.232520013361 0.812238827829 0.758259647651 0.412374127754 -2.25583460561
6.594 -0.359701726116 0.22936470355 0.81223417187 0.758283305552 0.412352384335 -2.24607297716
6.614 -0.360399380143 0.226202204251 0.812229523819 0.758307073412 0.412330535626 -2.23631122556
6.634 -0.361065955487 0.223032820827 0.81222488498 0.758330951388 0.412308581887 -2.22654935286
6.654 -0.361701385447 0.219856859246 0.812220256665 0.758354939653 0.412286523374 -2.21678736091
6.674 -0.362305606385 0.216674626054 0.812215640196 0.758379038392 0.412264360342 -2.20702525133
6.694 -0.362878557724 0.213486428352 0.812211036903 0.758403247802 0.412242093043 -2.19726302552
6.714 -0.363420181948 0.21029257377 0.812206448122 0.758427568095 0.41221972173 -2.18750068475
6.734 -0.363930424605 0.20709337044 0.812201875198 0.758451999489 0.412197246652 -2.17773823008
6.754 -0.364409234309 0.203889126971 0.812197319483 0.758476542218 0.412174668056 -2.16797566244
6.774 -0.364856562738 0.200680152421 0.812192782336 0.758501196522 0.41215198619 -2.15821298261
6.794 -0.36527236464 0.19746675627 0.81218826512 0.758525962652 0.412129201299 -2.14845019124
6.814 -0.365656597834 0.194249248397 0.812183769207 0.758550840868 0.412106313625 -2.13868728887
6.834 -0.366009223208 0.191027939045 0.812179295972 0.758575831438 0.412083323412 -2.1289242759
6.854 -0.366330204722 0.187803138801 0.812174846797 0.758600934639 0.4120602309 -2.11916115267
6.874 -0.366619509413 0.184575158562 0.812170423067 0.758626150753 0.41203703633 -2.1093979194
6.894 -0.36687710739 0.181344309513 0.812166026173 0.758651480073 0.412013739938 -2.09963457622
6.914 -0.367102971841 0.178110903092 0.81216165751 0.758676922896 0.411990341963 -2.0898711232
6.934 -0.36729707903 0.174875250966 0.812157318476 0.758702479526 0.41196684264 -2.08010756031
6.954 -0.367459408301 0.171637665003 0.812153010472 0.758728150272 0.411943242204 -2.07034388748
6.974 -0.367589942075 0.168398457239 0.812148734905 0.758753935452 0.411919540888 -2.06058010455
6.994 -0.367688665855 0.165157939853 0.812144493181 0.758779835384 0.411895738923 -2.05081621132
7.014 -0.367755568918 0.16191642564 0.812140286061 0.758805849485 0.411871836666 -2.0410522072
7.035 -0.367790650442 0.158674232328 0.812136107968 0.758831968271 0.411847835717 -2.03128808823
7.054 -0.367793896315 0.155431665896 0.812131968678 0.758858203746 0.411823734755 -2.02152385839
7.074 -0.367765304401 0.152189038842 0.812127869555 0.758884556184 0.41179953401 -2.01175951724
7.094 -0.367704875651 0.148946663665 0.812123811959 0.758911025854 0.411775233707 -2.00199506433
7.114 -0.367612614091 0.145704852823 0.812119797259 0.758937613035 0.411750834075 -1.99223049916
7.134 -0.367488526822 0.142463918711 0.812115826828 0.758964318015 0.41172633534 -1.98246582121
7.154 -0.367332624022 0.139224173623 0.812111902041 0.758991141088 0.411701737726 -1.97270102991
7.174 -0.367144918939 0.13598592973 0.812108024279 0.759018082554 0.411677041457 -1.9629361247
7.194 -0.366925427896 0.132749499047 0.812104194926 0.759045142722 0.411652246758 -1.95317110495
7.214 -0.366674170284 0.129515193403 0.812100415367 0.759072321901 0.41162735385 -1.94340597005
7.234 -0.366391169129 0.126283325388 0.812096686267 0.759099619459 0.411602363066 -1.93364072051
7.254 -0.366076414256 0.123054439749 0.81209299839 0.759127019467 0.411577277981 -1.92387598718
7.274 -0.365729945313 0.119828761154 0.812089363844 0.759154537152 0.411552096585 -1.91411155228
7.294 -0.365351828568 0.116606419733 0.812085786443 0.759182177923 0.411526817331 -1.9043469144
7.314 -0.364942097649 0.113387728403 0.812082267424 0.759209941865 0.411501440476 -1.89458207924
7.334 -0.364500789312 0.110172999691 0.812078808035 0.759237829082 0.411475966274 -1.88481705247
7.354 -0.364027943469 0.106962545539 0.812075409533 0.759265839695 0.411450394976 -1.87505183919
7.374 -0.363523603166 0.103756677285 0.812072073189 0.759293973845 0.411424726833 -1.86528644406
7.394 -0.362987814579 0.10055570565 0.812068800278 0.759322231687 0.411398962088 -1.85552087125
7.414 -0.362420626993 0.0973599407196 0.812065592086 0.759350613389 0.411373100988 -1.84575512454
7.434 -0.361822092798 0.0941696919283 0.812062449902 0.759379119131 0.411347143773 -1.83598920734
7.454 -0.361192267472 0.0909852680385 0.812059375022 0.759407749101 0.411321090683 -1.8262231227
7.474 -0.360531209573 0.0878069771229 0.812056368744 0.759436503496 0.411294941959 -1.81645687335
7.494 -0.359838980727 0.0846351265429 0.812053432372 0.759465382518 0.411268697838 -1.80669046174
7.514 -0.359115645618 0.0814700229284 0.812050567207 0.759494386372 0.411242358556 -1.79692389004
7.534 -0.358361271974 0.0783119721555 0.812047774554 0.759523515267 0.411215924352 -1.78715716019
7.554 -0.357575930565 0.0751612793246 0.812045055718 0.759552769413 0.411189395461 -1.77739027389
7.574 -0.356759695182 0.0720182487373 0.812042412003 0.759582149018 0.411162772121 -1.76762323264
7.594 -0.355912642635 0.0688831838728 0.81203984471 0.759611654291 0.411136054569 -1.75785603776
7.614 -0.355034852741 0.0657563873645 0.812037355139 0.759641285434 0.411109243043 -1.74808869038
7.634 -0.35412640831 0.0626381609754 0.812034944587 0.759671042648 0.411082337782 -1.73832119148
7.654 -0.353187395139 0.0595288055734 0.812032614347 0.759700926124 0.411055339027 -1.72855354191
7.674 -0.352217902002 0.0564286211065 0.812030365709 0.759730936049 0.411028247022 -1.71878574237
7.694 -0.351218020634 0.0533379065776 0.812028199956 0.759761072599 0.411001062012 -1.70901779344
7.714 -0.350187845729 0.0502569600185 0.812026118366 0.759791335941 0.410973784244 -1.69924969562
7.734 -0.349127475497 0.0471860793254 0.812024121354 0.759821725239 0.410946414042 -1.68948145049
7.754 -0.348037027978 0.0441257981396 0.812022196976 0.759852224754 0.41091895393 -1.67971369032
7.774 -0.346916600179 0.0410763234357 0.812020359456 0.759882849731 0.410891402692 -1.66994619757
7.795 -0.345766290125 0.0380377638302 0.81201861341 0.759913604733 0.410863759377 -1.66017847174
7.814 -0.344586206567 0.0350104147927 0.812016959885 0.75994448963 0.410836024271 -1.65041051935
7.834 -0.343376461221 0.0319945706213 0.812015399933 0.759975504288 0.410808197669 -1.64064234678
7.854 -0.342137168735 0.0289905242416 0.812013934611 0.760006648571 0.410780279868 -1.63087395987
7.874 -0.340868446677 0.0259985671973 0.812012564984 0.760037922339 0.410752271173 -1.62110536392
7.894 -0.339570415516 0.0230189896393 0.812011292119 0.760069325442 0.410724171893 -1.61133656376
7.914 -0.338243198599 0.0200520803137 0.812010117083 0.760100857721 0.410695982345 -1.60156756379
7.934 -0.336886922141 0.0170981265481 0.812009040947 0.760132519001 0.410667702853 -1.591798368
7.954 -0.335501715204 0.0141574142373 0.812008064776 0.760164309092 0.410639333751 -1.58202898002
7.974 -0.334087709682 0.0112302278272 0.812007189637 0.760196227784 0.410610875379 -1.57225940313
7.994 -0.332645040284 0.00831685029855 0.81200641659 0.760228274846 0.410582328089 -1.56248964035
8.014 -0.331173844516 0.00541756314933 0.81200574669 0.760260450022 0.410553692245 -1.55271969438
8.034 -0.329674262668 0.00253264637633 0.812005180986 0.760292753028 0.410524968219 -1.54294956768
8.054 -0.328146437794 -0.000337621543797 0.812004720519 0.76032518355 0.4104961564 -1.53317926252
8.074 -0.3265905157 -0.00319296367424 0.812004366324 0.760357741241 0.410467257186 -1.5234087809
8.094 -0.325006644922 -0.00603310463837 0.812004119423 0.76039042572 0.410438270994 -1.5136381247
8.114 -0.323394976716 -0.00885777064055 0.81200398083 0.760423236565 0.410409198253 -1.50386729559
8.134 -0.321755665036 -0.0116666894875 0.812003951545 0.760456173315 0.410380039413 -1.49409629512
8.154 -0.32008886652 -0.0144595906103 0.812004032557 0.760489235463 0.410350794937 -1.48432512467
8.174 -0.318394740473 -0.017236205086 0.812004224843 0.760522422456 0.410321465312 -1.47455378555
8.194 -0.31667344885 -0.019996265661 0.812004529363 0.760555733691 0.410292051044 -1.46478227892
8.214 -0.31492515624 -0.0227395067734 0.812004947064 0.760589168509 0.410262552659 -1.45501060589
8.234 -0.313150029845 -0.0254656645764 0.812005478876 0.760622726199 0.41023297071 -1.44523876748
8.254 -0.311348239468 -0.0281744769616 0.812006125712 0.760656405985 0.410203305772 -1.43546676462
8.274 -0.309519957493 -0.0308656835831 0.812006888468 0.760690207031 0.410173558449 -1.42569459821
8.294 -0.307665358865 -0.033539025881 0.812007768022 0.760724128432 0.410143729372 -1.41592226911
8.314 -0.305784621075 -0.0361942471059 0.812008765231 0.760758169212 0.410113819203 -1.40614977812
8.334 -0.303877924142 -0.0388310923429 0.812009880933 0.76079232832 0.410083828636 -1.39637712605
8.354 -0.301945450592 -0.0414493085363 0.812011115943 0.760826604629 0.410053758398 -1.38660431365
8.374 -0.299987385442 -0.044048644514 0.812012471057 0.760860996924 0.410023609253 -1.37683134171
8.394 -0.298003916177 -0.0466288510125 0.812013947044 0.760895503906 0.409993382003 -1.36705821099
8.414 -0.295995232738 -0.0491896807016 0.812015544652 0.760930124182 0.409963077491 -1.35728492226
8.434 -0.293961527494 -0.0517308882091 0.812017264604 0.760964856263 0.409932696604 -1.34751147633
8.454 -0.291902995229 -0.0542522301466 0.812019107594 0.760999698557 0.409902240272 -1.33773787401
8.474 -0.289819833118 -0.0567534651338 0.812021074293 0.761034649365 0.409871709478 -1.32796411615
8.494 -0.28771224071 -0.0592343538243 0.81202316534 0.761069706874 0.409841105251 -1.31819020366
8.514 -0.285580419904 -0.0616946589306 0.812025381348 0.761104869152 0.409810428679 -1.30841613746
8.534 -0.283424575347 -0.0641341445003 0.812027721908 0.761140133175 0.409779680925 -1.29864191983
8.554 -0.281245011449 -0.0665523577691 0.81203017152 0.761175484297 0.409748863329 -1.28886818273
8.574 -0.279041905272 -0.0689491508501 0.812032745956 0.761210933718 0.409717976928 -1.27909470963
8.594 -0.276815392862 -0.0713244668452 0.812035450265 0.761246480915 0.409687023104 -1.26932100224
8.614 -0.274565687886 -0.0736780763433 0.812038284649 0.761282123112 0.409656003257 -1.25954706826
8.634 -0.272293006305 -0.0760097522212 0.812041249289 0.761317857382 0.409624918868 -1.24977291543
8.654 -0.269997566264 -0.0783192698264 0.812044344349 0.761353680637 0.409593771499 -1.2399985511
8.674 -0.267679588078 -0.0806064069838 0.812047569968 0.761389589624 0.4095625628 -1.23022398225
8.694 -0.265339294197 -0.0828709440038 0.812050926262 0.761425580908 0.409531294513 -1.22044921551
8.714 -0.262976909192 -0.0851126636922 0.812054413316 0.761461650866 0.409499968477 -1.21067425729
8.734 -0.260592659723 -0.0873313513614 0.812058031185 0.761497795676 0.409468586633 -1.20089911374
8.754 -0.258186774518 -0.0895267948429 0.812061779884 0.761534011304 0.409437151032 -1.19112379081
8.774 -0.255759484349 -0.0916987845019 0.812065659395 0.761570293492 0.409405663842 -1.18134829431
8.794 -0.253311022004 -0.0938471132521 0.812069669652 0.761606637746 0.409374127348 -1.17157262993
8.814 -0.250841622264 -0.0959715765722 0.812073810546 0.761643039322 0.409342543969 -1.16179680328
8.834 -0.248351521878 -0.098071972524 0.812078081918 0.761679493214 0.409310916258 -1.15202081991
8.854 -0.245840959823 -0.100148100964 0.81208248257 0.761715993281 0.409279246907 -1.14224468655
8.874 -0.243310302734 -0.102199559265 0.812086996005 0.761752525394 0.409247537591 -1.13246903754
8.894 -0.240759753001 -0.104226233291 0.812091637197 0.761789094596 0.409215791773 -1.12269366213
8.914 -0.238189455917 -0.106228091939 0.812096410486 0.761825694499 0.4091840135 -1.11291806766
8.934 -0.235599658327 -0.108204943703 0.812101315162 0.761862318458 0.409152206118 -1.10314226623
8.954 -0.232990608946 -0.110156599873 0.812106350462 0.76189895947 0.409120373167 -1.09336627006
8.974 -0.230362558226 -0.112082874711 0.812111515563 0.761935610144 0.409088518395 -1.08359009097
8.994 -0.227715758329 -0.113983585451 0.812116809579 0.761972262686 0.40905664577 -1.07381374052
9.014 -0.225050463101 -0.11585855231 0.812122231553 0.762008908871 0.409024759494 -1.06403723003
9.034 -0.222366928039 -0.117707598499 0.81212778045 0.762045540024 0.408992864013 -1.05426057067
9.054 -0.219665410264 -0.119530550235 0.812133455151 0.762082146987 0.408960964037 -1.04448377352
9.074 -0.216946168492 -0.121327236758 0.812139254444 0.762118720095 0.408929064555 -1.03470684959
9.094 -0.214209463 -0.123097490349 0.812145177016 0.762155249146 0.408897170849 -1.02492980995
9.119 -0.211455555596 -0.12484114635 0.81215122145 0.76219172337 0.408865288517 -1.01515266571
9.134 -0.208684709586 -0.126558043187 0.812157386209 0.762228131394 0.408833423487 -1.00537542812
9.154 -0.205897189744 -0.128248022395 0.812163669634 0.762264461209 0.408801582043 -0.995598108628
9.174 -0.203093262271 -0.129910928645 0.812170069932 0.762300700131 0.408769770846 -0.985820718894
9.194 -0.200273194766 -0.131546609775 0.812176585165 0.762336834761 0.408737996957 -0.976043270885
9.214 -0.197437256188 -0.133154916821 0.812183213244 0.762372850945 0.408706267863 -0.966265776909
9.234 -0.194585716817 -0.13473570405 0.812189951913 0.762408733726 0.408674591505 -0.956488249674
9.254 -0.191718848217 -0.136288829001 0.812196798743 0.762444467297 0.408642976309 -0.94671070234
9.274 -0.188836923195 -0.137814152521 0.812203751113 0.762480034954 0.408611431215 -0.936933148577
9.294 -0.18594021576 -0.139311538808 0.812210806204 0.762515419038 0.408579965713 -0.927155602623
9.314 -0.183029001082 -0.140780855459 0.812217960979 0.76255060088 0.408548589877 -0.91737807934
9.334 -0.180103555442 -0.142221973515 0.812225212174 0.762585560741 0.40851731441 -0.907600594276
9.354 -0.177164156194 -0.143634767515 0.812232556275 0.762620277748 0.408486150677 -0.897823163726
9.374 -0.174211081708 -0.145019115548 0.812239989506 0.762654729826 0.408455110758 -0.888045804797
9.394 -0.171244611326 -0.146374899315 0.812247507811 0.762688893627 0.408424207493 -0.878268535472
9.414 -0.168265025307 -0.147702004191 0.812255106829 0.762722744457 0.408393454534 -0.868491374685
9.434 -0.165272604771 -0.14900031929 0.812262781878 0.762756256191 0.408362866401 -0.858714342384
9.454 -0.162267631642 -0.150269737538 0.812270527931 0.762789401197 0.408332458542 -0.848937459614
9.474 -0.159250388591 -0.151510155747 0.81227833959 0.762822150241 0.408302247399 -0.839160748587
9.494 -0.156221158965 -0.152721474698 0.812286211059 0.762854472403 0.408272250472 -0.82938423277
9.514 -0.153180226725 -0.153903599227 0.812294136122 0.762886334974 0.408242486402 -0.819607936963
9.534 -0.150127876374 -0.155056438317 0.812302108104 0.762917703364 0.40821297504 -0.809831887389
9.554 -0.147064392882 -0.156179905196 0.812310119846 0.762948540994 0.408183737542 -0.800056111782
9.574 -0.143990061605 -0.157273917445 0.812318163665 0.762978809193 0.408154796456 -0.79028063948
9.594 -0.140905168202 -0.158338397105 0.812326231321 0.763008467089 0.408126175818 -0.78050550152
9.614 -0.137809998546 -0.159373270801 0.812334313974 0.763037471504 0.408097901265 -0.770730730735
9.634 -0.134704838626 -0.160378469867 0.812342402143 0.76306577684 0.408070000138 -0.760956361852
9.654 -0.13158997445 -0.161353930484 0.812350485661 0.763093334976 0.40804250161 -0.75118243159
9.674 -0.128465691931 -0.162299593817 0.812358553628 0.763120095163 0.408015436812 -0.741408978756
9.694 -0.125332276776 -0.163215406177 0.812366594357 0.763146003928 0.407988838966 -0.731636044343
9.714 -0.122190014361 -0.164101319172 0.812374595322 0.763171004985 0.407962743536 -0.721863671618
9.734 -0.119039189599 -0.164957289883 0.812382543104 0.763195039164 0.407937188377 -0.712091906204
9.754 -0.115880086801 -0.165783281037 0.812390423326 0.763218044354 0.407912213902 -0.702320796155
9.774 -0.112712989653 -0.166579258396 0.812398220272 0.763239956641 0.407887862858 -0.692550391996
9.794 -0.109538373954 -0.167345021685 0.812405912069 0.763260740731 0.407864168135 -0.682781349438
9.814 -0.10635645934 -0.168080643956 0.812413486007 0.763280301989 0.407841186787 -0.673013528997
9.834 -0.103167371139 -0.168786230408 0.812420924978 0.763298550488 0.407818978358 -0.663246501029
9.854 -0.0999713898908 -0.169461768549 0.812428208703 0.763315411995 0.40779759811 -0.653480331777
9.874 -0.0967689933956 -0.170107079333 0.81243531336 0.763330847493 0.407777089768 -0.643715688223
9.894 -0.0935603936117 -0.17072226678 0.81244221797 0.763344747047 0.407757526405 -0.63395244991
9.914 -0.0903457060331 -0.171307458259 0.812448899126 0.763357010359 0.407738983711 -0.624190202637
9.934 -0.0871252043587 -0.171862670827 0.812455331035 0.763367555234 0.407721533185 -0.614429025462
9.954 -0.0838991596921 -0.172387929397 0.812461486385 0.763376299203 0.407705250762 -0.604668998185
9.974 -0.0806678401508 -0.172883266902 0.812467336341 0.76338316055 0.407690216964 -0.594910200299
9.994 -0.0774315106435 -0.173348724271 0.812472850557 0.763388059608 0.40767651701 -0.585152710276
10.014 -0.0741904326543 -0.173784350347 0.812477997215 0.763390920355 0.407664240883 -0.575396604652
10.034 -0.0709448640429 -0.174190201703 0.81248274311 0.763391672357 0.407653483336 -0.565641956888
10.054 -0.0676950588691 -0.174566342349 0.812487053774 0.763390253106 0.407644343835 -0.55588883596
10.074 -0.0644412672548 -0.174912843285 0.812490893658 0.763386610804 0.407636926397 -0.546137304654
10.094 -0.061183735298 -0.175229781886 0.812494226385 0.763380707638 0.407631339334 -0.536387417546
10.114 -0.057922705056 -0.175517241064 0.812497015075 0.763372523582 0.407627694852 -0.526639218617
10.134 -0.0546584146189 -0.175775308191 0.812499222767 0.763362060748 0.407626108504 -0.516892738516
10.154 -0.0513910982977 -0.176004073728 0.812500812936 0.76334934829 0.407626698464 -0.507147991455
10.174 -0.0481209869501 -0.176203629544 0.812501750127 0.763334447819 0.407629584608 -0.497404971757
10.194 -0.0448483084746 -0.176374066881 0.812502000705 0.763317459261 0.407634887376 -0.487663650125
10.214 -0.0415732884972 -0.17651547395 0.812501533717 0.763298527004 0.407642726418 -0.477923969704
10.234 -0.0382961512765 -0.176627933174 0.812500321882 0.763277846129 0.407653219017 -0.468185842089
10.254 -0.0350171208474 -0.176711518068 0.812498342664 0.763255668435 0.407666478302 -0.458449143465
10.274 -0.0317364224142 -0.176766289839 0.812495579432 0.763232307856 0.407682611289 -0.448713711135
10.294 -0.0284542839915 -0.176792293768 0.812492022642 0.763208144799 0.407701716788 -0.438979340748
10.314 -0.0251709382761 -0.176789555509 0.812487671017 0.763183628845 0.407723883267 -0.429245784588
10.334 -0.0218866247116 -0.17675807747 0.812482532625 0.763159279195 0.407749186742 -0.419512751311
10.354 -0.0186015916847 -0.176697835476 0.812476625811 0.763135682254 0.407777688828 -0.409779907537
10.374 -0.0153160987698 -0.176608775949 0.812469979879 0.763113485771 0.407809435041 -0.400046881649
10.394 -0.0120304189159 -0.176490813838 0.812462635449 0.763093389111 0.407844453501 -0.390313270055
10.414 -0.00874484045412 -0.176343831547 0.812454644418 0.763076129409 0.407882754115 -0.380578646078
10.434 -0.00545966879493 -0.17616767905 0.812446069464 0.763062463655 0.407924328332 -0.370842571383
10.454 -0.00217522768647 -0.175962175345 0.812436983071 0.763053147074 0.407969149503 -0.361104609711
10.474 0.00110814008031 -0.175727111292 0.812427466082 0.763048908532 0.40801717384 -0.351364342388
10.494 0.00439007260937 -0.175462253818 0.812417605817 0.763050424002 0.408068341889 -0.341621384923
10.514 0.00767018953382 -0.175167351335 0.812407493846 0.763058289423 0.408122580425 -0.331875403814
10.534 0.0109480933584 -0.174842140136 0.812397223514 0.763072994406 0.408179804591 -0.322126132593
10.554 0.0142233714789 -0.174486351472 0.812386887371 0.763094898307 0.408239920121 -0.31237338614
10.574 0.0174955988042 -0.174099718934 0.812376574616 0.763124210057 0.408302825445 -0.302617072381
10.594 0.0207643408742 -0.173681985778 0.812366368719 0.763160972911 0.408368413545 -0.292857200638
10.614 0.0240291573387 -0.173232911816 0.812356345319 0.763205054958 0.408436573404 -0.283093886166
10.634 0.0272896056495 -0.172752279574 0.812346570499 0.76325614584 0.408507191 -0.27332735062
10.654 0.0305452448145 -0.172239899453 0.812337099498 0.763313759732 0.408580149818 -0.263557918507
10.674 0.0337956390681 -0.171695613724 0.812327975889 0.763377244262 0.408655330901 -0.253786009913
10.694 0.0370403613262 -0.171119299272 0.81231923122 0.763445794743 0.408732612538 -0.244012129967
10.714 0.0402789963165 -0.170510869066 0.81231088509 0.763518472835 0.408811869677 -0.2342368557
10.734 0.043511143294 -0.169870272415 0.812302945606 0.76359422862 0.408892973211 -0.224460820989
10.754 0.0467364182809 -0.169197494118 0.812295410168 0.763671925002 0.408975789258 -0.21468470035
10.774 0.0499544557904 -0.16849255266 0.812288266497 0.763750363351 0.409060178563 -0.204909192279
10.794 0.0531649100179 -0.167755497618 0.812281493851 0.763828309381 0.409145996116 -0.195135002822
10.814 0.0563674555041 -0.166986406464 0.812275064341 0.763904518354 0.40923309109 -0.185362829916
10.834 0.0595617938201 -0.166185379253 0.812268943082 0.763977732999 0.409321319441 -0.175593360342
10.854 0.0627477104478 -0.165352518039 0.812263078694 0.764046470223 0.409410649576 -0.165827360387
10.875 0.0659248564476 -0.164487981982 0.812257445362 0.764109913278 0.409500756145 -0.156065281266
10.894 0.0690929852201 -0.163591922534 0.812251999925 0.764166990987 0.409591472615 -0.146307661393
10.914 0.072251867067 -0.162664499921 0.81224669842 0.764216716548 0.409682631585 -0.13655497693
10.934 0.0754012939594 -0.16170587766 0.812241495852 0.764258178606 0.409774079494 -0.126807645316
10.954 0.078540937252 -0.160716162722 0.812236330108 0.764290176924 0.409865824219 -0.117066808398
10.974 0.0816705817748 -0.159695567197 0.812231178953 0.764312375712 0.409957514149 -0.107332376344
10.994 0.0847902072065 -0.158644287031 0.812226008566 0.764324362275 0.410048970214 -0.0976039706357
11.014 0.0878996383129 -0.15756248004 0.812220782724 0.764325672664 0.41014005221 -0.0878817247904
11.034 0.0909987045045 -0.156450297586 0.812215468269 0.764315952977 0.410230630012 -0.0781657042788
11.054 0.0940872378967 -0.155307883434 0.812210035323 0.764294956092 0.410320585097 -0.0684559096246
11.074 0.0971650712905 -0.154135372964 0.812204457402 0.764262536826 0.410409811844 -0.0587522808532
