noise_added robot state:time  position_x  position_y position_z R P Y
 0.186 0.289634257412 0.163941 0.812013595069 0.75542742034 0.414690022591 1.16654722155
0.206 0.289634257412 0.163941 0.812013595069 0.75542742034 0.414690022591 1.16654722155
0.226 0.289634257412 0.163941 0.812013595069 0.75542742034 0.414690022591 1.16654722155
0.246 0.289634257412 0.163941 0.812013595069 0.75542742034 0.414690022591 1.16654722155
0.266 0.289634257412 0.163941 0.812013595069 0.75542742034 0.414690022591 1.16654722155
0.286 0.289634257412 0.163941 0.812013595069 0.75542742034 0.414690022591 1.16654722155
0.306 0.289634257412 0.163941 0.812013595069 0.75542742034 0.414690022591 1.16654722155
0.326 0.289634257412 0.163941 0.812013595069 0.75542742034 0.414690022591 1.16654722155
0.346 0.289634257412 0.163941 0.812013595069 0.75542742034 0.414690022591 1.16654722155
0.366 0.289634257412 0.163941 0.812013595069 0.75542742034 0.414690022591 1.16654722155
0.386 0.289634257412 0.163941 0.812013595069 0.75542742034 0.414690022591 1.16654722155
0.406 0.289634257412 0.163941 0.812013595069 0.75542742034 0.414690022591 1.16654722155
0.426 0.289634257412 0.163941 0.812013595069 0.75542742034 0.414690022591 1.16654722155
0.446 0.289634257412 0.163941 0.812013595069 0.75542742034 0.414690022591 1.16654722155
0.466 0.289634257412 0.163941 0.812013595069 0.75542742034 0.414690022591 1.16654722155
0.486 0.289632654868 0.163997219851 0.812013587798 0.755427713807 0.414690121492 1.16671584544
0.506 0.289624026864 0.164296602709 0.812013608897 0.755429396798 0.414690670034 1.16761463151
0.526 0.289608142194 0.164834678874 0.812013924411 0.755432966609 0.414691755124 1.16923382476
0.546 0.289584740874 0.165591534029 0.812014728866 0.755438795403 0.414693455234 1.17151648647
0.566 0.289553156253 0.166549075567 0.812016138646 0.755447195391 0.414695860197 1.17441020587
0.586 0.289512429853 0.167690840752 0.81201820979 0.755458431069 0.414699066198 1.17786674737
0.606 0.289461401991 0.169001825197 0.812020952414 0.755472729012 0.414703171914 1.18184171833
0.626 0.289398782895 0.170468331618 0.812024342343 0.75549028566 0.414708275583 1.18629426321
0.647 0.289323208151 0.17207783637 0.812028330441 0.755511273513 0.414714472838 1.19118678204
0.666 0.289233281577 0.173818871567 0.81203285005 0.755535845998 0.414721855132 1.19648467113
0.686 0.289127608021 0.175680920832 0.812037822879 0.755564141304 0.414730508661 1.20215608453
0.706 0.289004818075 0.177654326971 0.812043163623 0.755596285362 0.41474051365 1.20817171435
0.726 0.288863586349 0.179730210064 0.812048783546 0.755632394155 0.414751943955 1.21450458857
0.746 0.288702644595 0.181900394664 0.812054593221 0.755672575486 0.414764866869 1.22112988495
0.766 0.288520790754 0.184157344976 0.812060504594 0.75571693033 0.414779343123 1.22802475974
0.786 0.288316894782 0.186494107001 0.812066432495 0.755765553847 0.414795426995 1.23516818998
0.806 0.288089901936 0.18890425681 0.812072295709 0.75581853614 0.414813166525 1.24254082841
0.826 0.287838834102 0.191381854182 0.812078017701 0.755875962808 0.414832603783 1.25012486989
0.846 0.287562789593 0.193921400964 0.812083527067 0.755937915347 0.414853775184 1.25790392849
0.866 0.287260941806 0.196517803595 0.812088757758 0.756004471443 0.414876711822 1.26586292432
0.886 0.286932537015 0.199166339288 0.812093649154 0.756075705169 0.414901439819 1.27398797945
0.906 0.286576891545 0.201862625477 0.812098146003 0.756151687131 0.414927980664 1.28226632203
0.926 0.286193388515 0.204602592121 0.812102198262 0.756232484562 0.414956351561 1.29068619813
0.946 0.2857814743 0.207382456579 0.812105760882 0.756318161392 0.414986565745 1.29923679055
0.966 0.28534065483 0.210198700753 0.812108793538 0.7564087783 0.415018632797 1.30790814413
0.986 0.284870491819 0.213048050266 0.81211126033 0.756504392754 0.415052558932 1.31669109703
1.006 0.284370599007 0.215927455458 0.812113129466 0.756605059048 0.41508834727 1.32557721741
1.026 0.28384063845 0.218834074014 0.812114372943 0.756710828334 0.415125998082 1.33455874525
1.046 0.283280316923 0.221765255056 0.812114966224 0.756821748667 0.415165509026 1.34362853876
1.066 0.282689382454 0.22471852456 0.812114887921 0.756937865048 0.415206875346 1.35278002506
1.086 0.28206762101 0.227691571969 0.812114119492 0.757059219471 0.41525009007 1.3620071548
1.106 0.281414853358 0.230682237882 0.812112644953 0.757185850979 0.415295144177 1.37130436041
1.126 0.280730932103 0.233688502733 0.8121104506 0.75731779573 0.415342026751 1.38066651768
1.146 0.280015724514 0.236708447116 0.81210751839 0.757455080336 0.415390722805 1.39008876777
1.166 0.279269128842 0.239740074805 0.812103834835 0.757597734263 0.415441217731 1.39956610161
1.186 0.2784911083 0.242781977873 0.812099403169 0.757745793993 0.415493498613 1.40909533653
1.206 0.277681618218 0.245832624074 0.812094216992 0.757899285272 0.415547548321 1.41867286905
1.226 0.276840631564 0.248890550333 0.812088270316 0.758058230869 0.41560334823 1.42829530824
1.246 0.275968139234 0.251954381826 0.812081558187 0.758222651153 0.415660878456 1.43795953282
1.266 0.275064140285 0.255022783805 0.81207407094 0.758392556355 0.415720115826 1.4476624969
1.286 0.274128656463 0.25809432195 0.812065801477 0.758567959099 0.415781036943 1.45740091192
1.306 0.273161737179 0.26116810626 0.812056758002 0.758748884936 0.415843622063 1.46717316539
1.326 0.27216342908 0.264243078879 0.812046938871 0.758935346188 0.415907847078 1.47697708875
1.346 0.2711337887 0.267318216564 0.812036342111 0.759127352458 0.415973686652 1.48681061235
1.366 0.270072882175 0.270392552089 0.812024966105 0.759324911496 0.416041114497 1.49667183069
1.386 0.268980784261 0.273465170162 0.812012809521 0.759528029287 0.416110103411 1.5065589894
1.406 0.267857577446 0.276535203624 0.811999871239 0.759736710128 0.416180625304 1.51647047307
1.426 0.266703351158 0.279601829936 0.811986150304 0.759950956718 0.416252651226 1.52640479421
1.446 0.26551820106 0.282664267923 0.811971645871 0.760170770228 0.416326151387 1.53636058301
1.466 0.264302228412 0.285721774751 0.811956357167 0.760396150386 0.416401095183 1.54633657792
1.486 0.263055542305 0.288773589523 0.81194027907 0.760627085402 0.416477449622 1.55633141555
1.506 0.261778273513 0.291818829407 0.811923407205 0.760863565264 0.416555179957 1.56634340247
1.526 0.260470520406 0.294857113285 0.811905750266 0.761105604055 0.416634257547 1.57637238643
1.546 0.259132399139 0.297887849409 0.811887307955 0.761353197541 0.41671464902 1.58641753086
1.566 0.257764031234 0.300910446828 0.811868079262 0.761606339058 0.416796319912 1.5964779922
1.586 0.256365541352 0.303924339068 0.81184806314 0.761865020889 0.416879235039 1.60655299303
1.606 0.254937057035 0.306928982365 0.811827258499 0.762129234316 0.416963358517 1.61664181677
1.626 0.253478708481 0.309923854012 0.811805664198 0.762398969671 0.417048653771 1.62674380279
1.646 0.251990628349 0.312908450843 0.811783279044 0.762674216381 0.417135083546 1.63685834191
1.666 0.250472951599 0.315882287821 0.811760101793 0.762954963005 0.417222609924 1.64698487229
1.686 0.248925815351 0.318844896733 0.811736131145 0.763241197276 0.417311194333 1.65712287562
1.706 0.247349358773 0.321795824988 0.811711365754 0.763532906135 0.417400797558 1.66727187357
1.726 0.245743722984 0.324734634498 0.811685804228 0.763830075769 0.417491379753 1.67743142466
1.746 0.244109050978 0.32766090065 0.811659445134 0.764132691633 0.417582900459 1.68760112117
1.766 0.242445502616 0.330574152823 0.811632283904 0.764440725376 0.417675317772 1.69778037088
1.786 0.240753271675 0.333473788466 0.811604316112 0.764754148929 0.417768586268 1.70796820879
1.806 0.239032449538 0.336359680852 0.811575547489 0.765072972439 0.417862668341 1.71816515663
1.826 0.237283180406 0.339231473637 0.811545976865 0.765397180485 0.417957521595 1.72837098862
1.846 0.23550561578 0.342088794768 0.811515602549 0.765726754994 0.418053102627 1.73858542273
1.866 0.233699908885 0.344931281082 0.811484422875 0.76606167732 0.41814936749 1.74880819782
1.886 0.231866214665 0.347758577708 0.811452436211 0.766401928253 0.418246271713 1.75903907195
1.906 0.230004689787 0.350570337518 0.811419640966 0.76674748803 0.418343770308 1.76927782077
1.926 0.228115514129 0.353366161838 0.811386033154 0.76709832167 0.418441817407 1.77952401689
1.946 0.226198911052 0.356145519294 0.811351608938 0.767454393192 0.418540362868 1.78977684952
1.966 0.224254962553 0.358908343071 0.811316372787 0.76781571272 0.418639364759 1.80003698695
1.986 0.222283824859 0.361654344994 0.811280322572 0.768182252635 0.418738777728 1.81030433462
2.006 0.220285663029 0.364383202941 0.811243457346 0.768553994241 0.418838553824 1.82057872989
2.026 0.218260644153 0.367094599001 0.811205776435 0.768930919213 0.418938644522 1.83086002107
2.046 0.216208937416 0.369788226514 0.811167278637 0.769313003798 0.419039001579 1.84114806695
2.066 0.214130713885 0.372463783606 0.811127962865 0.769700223765 0.419139576345 1.85144273561
2.086 0.212026146535 0.375120972923 0.811087828159 0.770092554402 0.419240319779 1.86174390359
2.106 0.209895410269 0.377759501386 0.811046873688 0.770489970516 0.419341182461 1.8720514552
2.126 0.20773868195 0.380379079974 0.811005098756 0.770892446431 0.419442114608 1.88236528186
2.146 0.205556140417 0.38297942352 0.810962502811 0.771299955982 0.419543066085 1.8926852815
2.166 0.203347966519 0.385560250529 0.810919085447 0.771712472518 0.419643986423 1.90301135795
2.186 0.201114343131 0.388121283006 0.810874846412 0.772129968893 0.41974482483 1.91334342049
2.206 0.198855455181 0.390662246312 0.810829785612 0.772552417468 0.419845530207 1.92368138332
2.226 0.196571489674 0.393182869019 0.810783903116 0.772979790101 0.41994605116 1.93402516515
2.246 0.194262635711 0.39568288279 0.810737199161 0.773412058148 0.42004633602 1.9443746888
2.266 0.191929084511 0.398162022264 0.810689674158 0.773849192456 0.42014633285 1.9547298808
2.286 0.189571029432 0.400620024957 0.810641328695 0.774291163358 0.420245989465 1.96509067109
2.306 0.187188665987 0.403056631171 0.810592163542 0.77473794067 0.420345253444 1.97545699266
2.326 0.184782191864 0.405471583909 0.810542179652 0.775189493686 0.420444072146 1.98582878129
2.346 0.18235180694 0.40786462881 0.810491378172 0.775645791174 0.420542392723 1.99620597528
2.366 0.179897713299 0.410235514079 0.810439760438 0.776106801366 0.420640162133 2.0065885152
2.386 0.177420115241 0.41258399043 0.810387327984 0.77657249196 0.420737327159 2.01697634364
2.406 0.1749192193 0.414909811041 0.810334082544 0.777042830112 0.420833834421 2.02736940506
2.426 0.172395234251 0.417212731508 0.810280026055 0.777517782429 0.420929630389 2.03776764553
2.446 0.169848371121 0.419492509807 0.810225160658 0.777997314967 0.4210246614 2.0481710126
2.466 0.167278843198 0.421748906265 0.810169488703 0.778481393226 0.421118873671 2.05857945512
2.486 0.164686866037 0.423981683529 0.810113012751 0.778969982145 0.421212213314 2.0689929231
2.506 0.162072657469 0.426190606547 0.810055735575 0.779463046094 0.421304626349 2.07941136755
2.526 0.159436437601 0.42837544255 0.809997660161 0.779960548876 0.421396058722 2.08983474038
2.546 0.156778428824 0.430535961036 0.809938789716 0.780462453717 0.421486456315 2.10026299426
2.566 0.154098855814 0.432671933763 0.809879127661 0.780968723263 0.421575764961 2.11069608254
2.586 0.151397945529 0.434783134737 0.80981867764 0.781479319577 0.421663930464 2.12113395911
2.606 0.148675927216 0.436869340213 0.809757443517 0.781994204137 0.421750898603 2.13157657835
2.626 0.145933032404 0.438930328691 0.809695429378 0.782513337826 0.421836615156 2.14202389503
2.646 0.143169494905 0.440965880917 0.809632639533 0.783036680933 0.421921025909 2.15247586422
2.666 0.140385550808 0.442975779889 0.809569078518 0.78356419315 0.422004076669 2.16293244126
2.686 0.137581438478 0.44495981086 0.809504751092 0.784095833566 0.422085713284 2.17339358162
2.706 0.134757398547 0.446917761347 0.809439662242 0.784631560666 0.422165881649 2.18385924093
2.726 0.131913673908 0.448849421143 0.809373817182 0.785171332326 0.422244527727 2.19432937487
2.746 0.129050509709 0.450754582323 0.80930722135 0.785715105813 0.422321597559 2.20480393912
2.766 0.126168153345 0.452633039262 0.809239880415 0.786262837781 0.422397037278 2.21528288933
2.786 0.123266854445 0.454484588644 0.809171800271 0.786814484268 0.422470793126 2.22576618108
2.806 0.120346864866 0.456309029483 0.809102987041 0.787370000696 0.422542811462 2.23625376983
2.826 0.117408438678 0.458106163133 0.809033447075 0.787929341869 0.422613038782 2.24674561088
2.846 0.114451832155 0.459875793311 0.80896318695 0.788492461969 0.422681421729 2.25724165937
2.866 0.111477303759 0.461617726112 0.808892213471 0.789059314559 0.422747907105 2.26774187021
2.886 0.108485168301 0.463331726016 0.808820534461 0.789629831264 0.422812444599 2.27824597168
2.906 0.105475842102 0.465017451334 0.808748159448 0.790203932296 0.422874979087 2.28875328697
2.926 0.102449383679 0.466674917071 0.808675093335 0.790781625318 0.422935457293 2.2992646396
2.946 0.0994060418659 0.468303956322 0.808601343515 0.791362865518 0.422993826914 2.30978005711
2.966 0.0963460869675 0.469904385541 0.808526917878 0.791947602788 0.423050035766 2.32029948618
2.986 0.0932697913142 0.471476023833 0.808451824542 0.792535786441 0.423104031904 2.33082287368
3.007 0.0901774292467 0.473018692964 0.808376071851 0.793127365207 0.423155763638 2.34135016662
3.026 0.0870692771015 0.474532217376 0.808299668381 0.793722287235 0.423205179545 2.35188131211
3.046 0.0839456131941 0.476016424196 0.808222622928 0.794320500083 0.423252228481 2.36241625727
3.066 0.0808067178035 0.477471143252 0.808144944513 0.794921950725 0.423296859597 2.37295494926
3.086 0.077652873154 0.478896207089 0.808066642381 0.795526585542 0.423339022346 2.38349733515
3.106 0.0744843633972 0.480291450979 0.807987725994 0.796134350327 0.423378666503 2.39404336197
3.126 0.0713014745935 0.481656712945 0.807908205033 0.796745190281 0.423415742172 2.40459297661
3.146 0.0681044946916 0.482991833769 0.807828089398 0.797359050016 0.423450199799 2.41514612582
3.166 0.0648937135086 0.484296657019 0.807747389201 0.797975873554 0.423481990188 2.42570275618
3.186 0.0616694227086 0.485571029058 0.807666114769 0.798595604329 0.423511064509 2.43626281408
3.206 0.0584319157811 0.486814799068 0.807584276639 0.799218185186 0.423537374315 2.44682624566
3.226 0.0551814880182 0.488027819067 0.807501885559 0.799843558386 0.423560871548 2.45739299686
3.246 0.0519184364914 0.489209943926 0.807418952483 0.800471665607 0.423581508556 2.46796301334
3.266 0.0486430600282 0.490361031394 0.807335488573 0.801102447946 0.423599238104 2.47853624049
3.286 0.0453556591875 0.491480942109 0.807251505191 0.801735845922 0.423614013385 2.4891126234
3.306 0.0420565362344 0.492569539625 0.807167013905 0.80237179948 0.423625788032 2.49969210688
3.326 0.038745995115 0.493626690428 0.807082026479 0.803010247995 0.423634516129 2.51027463541
3.346 0.0354243414301 0.494652263958 0.806996554878 0.803651130273 0.423640152224 2.52086015316
3.366 0.0320918824086 0.495646132625 0.806910611258 0.804294384558 0.42364265134 2.53144860397
3.386 0.0287489268802 0.496608171832 0.806824207973 0.804939948538 0.423641968985 2.54203993133
3.406 0.0253957852479 0.497538259996 0.806737357565 0.805587759344 0.423638061165 2.55263407841
3.426 0.0220327694599 0.498436278562 0.806650072765 0.806237753563 0.423630884395 2.563230988
3.446 0.0186601929805 0.49930211203 0.806562366493 0.806889867236 0.423620395709 2.57383060258
3.466 0.0152783707613 0.500135647967 0.806474251851 0.807544035868 0.42360655267 2.58443286425
3.486 0.0118876192117 0.500936777033 0.806385742123 0.808200194434 0.423589313384 2.59503771475
3.506 0.00848825616863 0.501705392996 0.806296850774 0.808858277383 0.423568636509 2.60564509548
3.526 0.00508067027693 0.502441367962 0.80620759353 0.809518195599 0.423544486378 2.61625471958
3.546 0.00166538089881 0.503144502262 0.806117989548 0.810179842309 0.423516825319 2.6268658883
3.566 -0.00175755946607 0.503814828733 0.806028045577 0.810843216524 0.42348560577 2.63747942118
3.586 -0.00518785098152 0.504452264754 0.805937775111 0.811508255667 0.423450788219 2.64809533281
3.606 -0.00862509655103 0.505056696493 0.805847194673 0.812174867895 0.423412339711 2.65871332805
3.626 -0.0120687655537 0.505627943383 0.80575632445 0.812842943124 0.423370225776 2.66933269948
3.646 -0.0155188050928 0.506166039443 0.805665171409 0.813512478706 0.423324400255 2.67995426029
3.666 -0.018974909518 0.506670912973 0.805573749675 0.814183409729 0.423274826057 2.69057801841
3.686 -0.0224367463892 0.507142484206 0.805482074255 0.814855665121 0.423221467364 2.70120390025
3.706 -0.0259039823869 0.507580676863 0.805390160308 0.81552917346 0.423164289001 2.71183183281
3.726 -0.0293762833338 0.507985418157 0.805298023141 0.816203862968 0.423103256446 2.72246174365
3.746 -0.0328533142143 0.508356638789 0.80520567821 0.816879661517 0.423038335843 2.73309356079
3.766 -0.0363347391947 0.508694272951 0.805113141112 0.817556496634 0.422969494007 2.74372721268
3.786 -0.0398202216453 0.508998258325 0.805020427589 0.818234295501 0.422896698435 2.75436262816
3.806 -0.0433094241635 0.509268536092 0.804927553515 0.81891298496 0.422819917317 2.76499973635
3.826 -0.0468020085976 0.509505050924 0.804834534902 0.819592491519 0.42273911954 2.77563846669
3.846 -0.0502976360722 0.509707751 0.804741387893 0.820272741358 0.4226542747 2.78627874883
3.866 -0.0537959670146 0.509876587999 0.804648128758 0.820953660335 0.422565353109 2.79692051263
3.886 -0.0572966611816 0.510011517113 0.804554773894 0.821635173991 0.422472325804 2.80756368814
3.906 -0.060799377688 0.510112497047 0.80446133982 0.822317207558 0.422375164554 2.81820820555
3.926 -0.0643037750351 0.510179490025 0.804367843173 0.822999685969 0.422273841869 2.82885399517
3.946 -0.0678095111404 0.510212461795 0.804274300705 0.823682533864 0.422168331007 2.8395009874
3.966 -0.0713162433682 0.510211381635 0.804180729283 0.824365675598 0.422058605982 2.85014911274
3.986 -0.0748236285607 0.51017622236 0.804087145882 0.825049035251 0.421944641568 2.86079830174
4.006 -0.078331325026 0.510106970477 0.803993567512 0.825732530533 0.421826417004 2.87144848652
4.026 -0.081838911474 0.510003594235 0.803900013792 0.826416065071 0.421703913837 2.88209936883
4.046 -0.0853458209709 0.509866021773 0.803806509251 0.827099522291 0.421577114564 2.89275023482
4.066 -0.0888520093134 0.509694300315 0.803713061713 0.827782894864 0.421445982091 2.90340189886
4.086 -0.0923571571107 0.509488425528 0.8036196878 0.828466110931 0.421310494045 2.91405436672
4.106 -0.0958609165716 0.509248390688 0.803526405128 0.829149092385 0.421170630048 2.92470756218
4.126 -0.0993629397776 0.508974192726 0.803433231399 0.829831760975 0.421026370516 2.93536140957
4.146 -0.102862881047 0.508665842408 0.803340184175 0.830514032532 0.420877700336 2.94601583561
4.166 -0.106360391294 0.508323338799 0.803247281401 0.831195831492 0.42072459975 2.95667076464
4.186 -0.109855120953 0.507946683495 0.803154541139 0.83187708279 0.420567049361 2.96732612126
4.206 -0.113346721851 0.507535888117 0.803061981389 0.832557707627 0.420405032875 2.97798183159
4.226 -0.116834845824 0.507090967919 0.802969620218 0.833237627106 0.420238534825 2.98863782211
4.246 -0.120319144738 0.50661194179 0.802877475758 0.833916762238 0.420067540576 2.99929401965
4.266 -0.123799273152 0.50609884244 0.80278556584 0.834595028436 0.419892039952 3.00995035339
4.286 -0.127274881948 0.505551690852 0.802693908873 0.835272349374 0.419712018221 3.02060674974
4.306 -0.130745621672 0.504970510533 0.802602523377 0.835948649258 0.41952746105 3.0312631351
4.326 -0.134211144627 0.504355335 0.802511427699 0.836623848784 0.419338357209 3.04191943745
4.346 -0.137671103303 0.503706201392 0.802420640234 0.837297868613 0.419144696321 3.05257558496
4.366 -0.141125150415 0.503023150472 0.802330179419 0.837970629383 0.418946468868 3.06323150606
4.386 -0.144572938932 0.502306226621 0.802240063728 0.83864205172 0.418743666191 3.07388712938
4.406 -0.148014122111 0.50155547784 0.802150311673 0.839312056246 0.418536280498 3.08454238377
4.426 -0.151448353534 0.500770955749 0.802060941795 0.839980563597 0.418324304862 3.09519719825
4.446 -0.154875287143 0.499952715582 0.801971972665 0.840647494427 0.418107733229 3.10585150207
4.466 -0.158294577273 0.49910081619 0.801883422877 0.841312769428 0.417886560419 3.11650522465
4.486 -0.161705878687 0.498215320034 0.801795311047 0.841976309337 0.417660782128 3.12715829561
4.506 -0.165108846618 0.497296293187 0.801707655809 0.842638034951 0.41743039493 3.13781064475
4.526 -0.168503140101 0.496343815465 0.801620475079 0.843297862181 0.417195399758 -3.13472310264
4.546 -0.171888413921 0.49535795499 0.801533787872 0.843955714506 0.416955793246 -3.12407240325
4.566 -0.175264322913 0.494338782387 0.801447613299 0.844611516033 0.416711572482 -3.11342263543
4.586 -0.178630528006 0.493286388349 0.801361969194 0.845265183045 0.416462741035 -3.10277386603
4.606 -0.181986685753 0.492200851884 0.801276874624 0.845916639241 0.416209298244 -3.09212616554
4.626 -0.18533245285 0.49108225449 0.801192348751 0.84656580898 0.415951243911 -3.08147960461
4.646 -0.188667488841 0.48993068758 0.801108410216 0.847212613749 0.415688580862 -3.07083425205
4.666 -0.191991454035 0.488746246126 0.801025077644 0.847856975205 0.415421312807 -3.06019017646
4.686 -0.195304009543 0.487529028656 0.800942369649 0.848498815193 0.415149444345 -3.04954744625
4.706 -0.198604817317 0.486279137245 0.800860304821 0.849138055751 0.414872980962 -3.03890612962
4.726 -0.201893540186 0.484996677513 0.800778901729 0.849774619132 0.414591929032 -3.02826629454
4.746 -0.205169841897 0.483681758616 0.800698178914 0.850408427813 0.414306295816 -3.01762800875
4.766 -0.208433387151 0.482334493237 0.800618154884 0.851039404507 0.414016089465 -3.00699133976
4.786 -0.211683841643 0.480954997582 0.800538848116 0.851667472178 0.413721319012 -2.99635635485
4.806 -0.214920872098 0.47954339137 0.800460277044 0.852292554057 0.41342199438 -2.98572312105
4.826 -0.218144146312 0.478099797824 0.800382460059 0.852914573651 0.413118126376 -2.97509170513
4.846 -0.221353333191 0.476624343662 0.800305415509 0.853533454759 0.412809726691 -2.96446217359
4.866 -0.224548102784 0.475117159088 0.800229161688 0.854149121485 0.412496807898 -2.95383459268
4.886 -0.227728126328 0.47357837778 0.800153716837 0.854761498252 0.412179383452 -2.94320902836
4.906 -0.230893076283 0.472008136882 0.800079099137 0.855370509812 0.411857467685 -2.9325855463
4.926 -0.234042626368 0.470406576992 0.800005326708 0.855976081266 0.411531075809 -2.92196421188
4.947 -0.237176451606 0.468773842147 0.799932417603 0.856578138072 0.411200223907 -2.91134509018
4.966 -0.240294228354 0.467110079815 0.799860389807 0.857176606059 0.410864928938 -2.90072824595
4.986 -0.243395634347 0.465415440882 0.799789261227 0.857771411444 0.410525208728 -2.89011374366
5.006 -0.246480348733 0.463690079636 0.799719049696 0.858362480841 0.410181081971 -2.87950164741
5.026 -0.249548052112 0.461934153756 0.799649772964 0.858949741275 0.409832568223 -2.86889202097
5.046 -0.252598426572 0.460147824297 0.799581448693 0.859533120199 0.409479687901 -2.85828492779
5.066 -0.25563115573 0.458331255676 0.79951409446 0.8601125455 0.409122462279 -2.84768043094
5.086 -0.258645924766 0.456484615655 0.799447727744 0.860687945521 0.408760913485 -2.83707859314
5.106 -0.261642420461 0.454608075329 0.79938236593 0.861259249065 0.408395064494 -2.82647947673
5.126 -0.264620331237 0.452701809107 0.799318026301 0.861826385415 0.408024939128 -2.81588314368
5.146 -0.267579347189 0.450765994699 0.799254726034 0.862389284341 0.407650562047 -2.80528965555
5.166 -0.270519160128 0.448800813093 0.799192482199 0.862947876117 0.407271958751 -2.79469907354
5.186 -0.273439463611 0.446806448547 0.799131311751 0.863502091531 0.40688915557 -2.78411145842
5.206 -0.276339952984 0.444783088561 0.799071231532 0.864051861901 0.406502179659 -2.77352687054
5.226 -0.279220325411 0.442730923868 0.799012258259 0.86459711908 0.406111058998 -2.76294536984
5.246 -0.28208027992 0.44065014841 0.79895440853 0.865137795477 0.405715822382 -2.75236701584
5.266 -0.284919517427 0.438540959319 0.798897698812 0.865673824063 0.405316499417 -2.74179186761
5.286 -0.287737740784 0.436403556901 0.79884214544 0.866205138385 0.404913120515 -2.73121998378
5.306 -0.290534583505 0.434238188509 0.798787764883 0.866731653889 0.404505727523 -2.72065164812
5.326 -0.293309536697 0.432045154696 0.79873458146 0.867253265597 0.404094373626 -2.71008756157
5.346 -0.296062602812 0.429824528322 0.79868260281 0.867769970145 0.403679059358 -2.6995269006
5.366 -0.298793517638 0.427576510475 0.798631843854 0.868281708258 0.403259815675 -2.68896964709
5.386 -0.301501991648 0.425301317648 0.798582320263 0.868788415883 0.402836677155 -2.67841586423
5.406 -0.304187737658 0.422999169348 0.798534047551 0.869290029669 0.402409679127 -2.66786561421
5.426 -0.30685047085 0.420670288073 0.798487041067 0.869786486972 0.401978857669 -2.6573189582
5.446 -0.309489908787 0.418314899289 0.798441316 0.870277725861 0.4015442496 -2.64677595639
5.466 -0.312105771436 0.415933231413 0.798396887366 0.870763685124 0.401105892473 -2.63623666804
5.486 -0.314697781186 0.413525515786 0.798353770014 0.871244304277 0.400663824569 -2.62570115148
5.506 -0.317265662871 0.411091986652 0.798311978615 0.87171952357 0.400218084893 -2.61516946417
5.526 -0.319809143791 0.408632881139 0.798271527661 0.872189283993 0.399768713166 -2.60464166267
5.546 -0.322327953735 0.406148439227 0.798232431464 0.872653527285 0.399315749817 -2.59411780274
5.566 -0.324821825003 0.403638903735 0.798194704151 0.87311219594 0.398859235978 -2.58359793926
5.586 -0.327290492429 0.401104520287 0.79815835966 0.873565233216 0.398399213474 -2.57308212635
5.606 -0.329733693409 0.398545537293 0.798123411734 0.87401258314 0.39793572482 -2.56257041729
5.626 -0.332151167919 0.395962205925 0.798089873926 0.874454190518 0.397468813209 -2.55206286461
5.646 -0.334542658544 0.393354780087 0.798057759586 0.87489000094 0.396998522506 -2.54155952005
5.666 -0.336907910503 0.390723516392 0.798027081865 0.875319960788 0.396524897243 -2.53106043461
5.686 -0.33924667167 0.388068674136 0.797997853705 0.875744017244 0.396047982605 -2.52056565851
5.706 -0.341558692604 0.38539051527 0.797970087843 0.876162118298 0.395567824426 -2.51007524125
5.726 -0.343843726568 0.382689304376 0.797943796802 0.876574212752 0.395084469181 -2.49958923161
5.746 -0.346101529562 0.379965308635 0.79791899289 0.876980250231 0.394597963975 -2.48910767762
5.766 -0.348331860342 0.377218797805 0.797895688198 0.877380181187 0.394108356536 -2.4786306266
5.786 -0.350534480448 0.374450044188 0.797873894592 0.877773956906 0.393615695206 -2.46815812516
5.806 -0.352709154231 0.371659322603 0.797853623717 0.878161529519 0.393120028931 -2.45769021919
5.826 -0.354855612519 0.368846983871 0.797834882891 0.878542839271 0.392621421378 -2.44722717448
5.846 -0.356973504832 0.366013486375 0.797817683641 0.878917815481 0.392119956093 -2.4367696661
5.866 -0.359062767238 0.363158857887 0.797802041345 0.879286453062 0.391615635361 -2.42631687484
5.886 -0.361123189122 0.360283361563 0.797787966844 0.879648710485 0.391108506456 -2.41586877041
5.906 -0.363154547532 0.357387286122 0.797775470545 0.88000454364 0.390598621592 -2.40542540203
5.926 -0.365156622617 0.354470922496 0.797764562612 0.880353909347 0.390086033501 -2.39498681768
5.946 -0.367129197651 0.351534563807 0.797755252971 0.880696765356 0.389570795429 -2.38455306418
5.966 -0.369072059036 0.348578505342 0.797747551302 0.881033070352 0.389052961127 -2.37412418719
5.986 -0.370984996321 0.345603044534 0.797741467036 0.881362783951 0.388532584841 -2.36370023124
6.006 -0.372867802216 0.34260848093 0.797737009352 0.881685866707 0.388009721307 -2.35328123982
6.026 -0.374720272604 0.339595116176 0.797734187174 0.882002280114 0.387484425742 -2.34286725537
6.046 -0.37654220656 0.336563253982 0.79773300917 0.882311986606 0.386956753833 -2.3324583193
6.066 -0.378333406362 0.333513200102 0.797733483745 0.882614949559 0.386426761732 -2.32205447206
6.086 -0.380093677511 0.330445262303 0.79773561904 0.882911133297 0.385894506044 -2.31165575313
6.106 -0.381822828745 0.327359750339 0.797739422927 0.883200503092 0.38536004382 -2.30126220107
6.126 -0.383520672058 0.32425697592 0.797744903012 0.883483025166 0.384823432546 -2.2908738535
6.146 -0.385187022714 0.321137252685 0.797752066624 0.883758666696 0.384284730134 -2.28049074717
6.166 -0.386821699264 0.318000896173 0.797760920818 0.884027395812 0.383743994916 -2.27011291794
6.186 -0.388424530798 0.314848231596 0.797771467917 0.884289178804 0.383201286864 -2.25974039655
6.206 -0.389995338971 0.311679574155 0.797783716696 0.88454398714 0.382656664519 -2.24937321931
6.226 -0.391533947857 0.308495240076 0.797797676114 0.884791793561 0.382110186645 -2.23901142219
6.246 -0.393040189383 0.30529555227 0.797813352049 0.885032570019 0.381561913149 -2.22865503765
6.266 -0.394513898845 0.30208083538 0.797830750091 0.885266289438 0.381011904308 -2.21830409739
6.286 -0.395954914927 0.298851415755 0.797849875544 0.885492925711 0.380460220754 -2.20795863229
6.306 -0.397363079716 0.295607621409 0.79787073342 0.885712453706 0.379906923465 -2.19761867247
6.326 -0.39873823872 0.292349781994 0.797893328436 0.885924849267 0.379352073758 -2.18728424726
6.347 -0.400080240885 0.289078228764 0.797917665015 0.886130089216 0.378795733274 -2.17695538525
6.366 -0.401388938611 0.285793294543 0.797943747279 0.886328151353 0.37823796397 -2.16663211428
6.386 -0.402664187766 0.282495313688 0.79797157905 0.886519014458 0.37767882811 -2.15631446142
6.406 -0.403905847709 0.279184622056 0.798001163847 0.886702658294 0.377118388251 -2.14600245303
6.426 -0.405113781298 0.275861556967 0.798032504881 0.886879063608 0.376556707235 -2.13569611474
6.446 -0.406287854911 0.272526457173 0.798065605057 0.887048212131 0.375993848177 -2.12539547143
6.466 -0.407427938458 0.269179662816 0.798100466966 0.887210086579 0.375429874457 -2.1151005473
6.486 -0.408533905399 0.2658215154 0.79813709289 0.887364670656 0.374864849704 -2.10481136581
6.506 -0.409605632756 0.262452357746 0.798175484796 0.887511949051 0.374298837792 -2.09452794972
6.526 -0.41064300113 0.259072533962 0.798215644332 0.887651907446 0.373731902823 -2.08425032111
6.546 -0.411645894714 0.255682389402 0.79825757283 0.887784532507 0.373164109121 -2.07397850135
6.566 -0.412614201307 0.252282270633 0.798301271301 0.887909811892 0.37259552122 -2.06371251112
6.586 -0.413547812326 0.248872525393 0.798346740433 0.888027734248 0.37202620385 -2.05345237041
6.606 -0.414446622822 0.245453502558 0.79839398059 0.888138289213 0.371456221932 -2.04319809853
6.626 -0.415310531493 0.2420255521 0.798442991812 0.888241467414 0.370885640563 -2.03294971414
6.646 -0.416139440693 0.238589025053 0.798493773811 0.888337260468 0.370314525006 -2.0227072352
6.666 -0.416933256446 0.235144273472 0.798546325971 0.888425660985 0.369742940679 -2.012470679
6.686 -0.41769188846 0.231691650394 0.798600647344 0.888506662561 0.369170953147 -2.00224006219
6.706 -0.418415250136 0.228231509803 0.798656736653 0.888580259783 0.368598628108 -1.99201540074
6.726 -0.41910325858 0.224764206588 0.798714592287 0.888646448227 0.368026031383 -1.98179670998
6.746 -0.419755834611 0.221290096506 0.7987742123 0.888705224458 0.367453228907 -1.97158400456
6.766 -0.420372902777 0.217809536141 0.798835594413 0.888756586029 0.366880286716 -1.96137729853
6.786 -0.420954391359 0.214322882866 0.798898736008 0.888800531477 0.366307270939 -1.95117660525
6.806 -0.421500232386 0.210830494805 0.798963634132 0.888837060328 0.365734247783 -1.94098193746
6.826 -0.422010361639 0.20733273079 0.799030285491 0.888866173091 0.36516128353 -1.93079330726
6.846 -0.422484718663 0.203829950324 0.799098686455 0.888887871261 0.364588444516 -1.92061072612
6.866 -0.422923246775 0.20032251354 0.79916883305 0.888902157312 0.36401579713 -1.91043420488
6.886 -0.423325893072 0.196810781161 0.799240720963 0.888909034701 0.363443407799 -1.90026375375
6.906 -0.423692608438 0.193295114461 0.799314345539 0.888908507866 0.362871342977 -1.89009938232
6.926 -0.424023347551 0.189775875225 0.799389701782 0.888900582219 0.362299669138 -1.87994109956
6.946 -0.42431806889 0.186253425706 0.79946678435 0.888885264152 0.361728452762 -1.86978891382
6.966 -0.424576734743 0.182728128587 0.799545587561 0.88886256103 0.361157760326 -1.85964283285
6.986 -0.424799311212 0.17920034694 0.799626105385 0.88883248119 0.360587658295 -1.84950286379
7.006 -0.424985768216 0.175670444186 0.799708331453 0.888795033941 0.360018213111 -1.83936901316
7.026 -0.425136079501 0.172138784054 0.799792259047 0.88875022956 0.35944949118 -1.82924128689
7.046 -0.425250222641 0.168605730537 0.799877881106 0.88869807929 0.358881558867 -1.81911969033
7.066 -0.425328179045 0.165071647857 0.799965190226 0.88863859534 0.358314482484 -1.8090042282
7.086 -0.425369933958 0.161536900421 0.800054178654 0.88857179088 0.357748328278 -1.79889490465
7.106 -0.425375476468 0.158001852776 0.800144838295 0.888497680038 0.357183162423 -1.78879172324
7.126 -0.425344799507 0.154466869578 0.80023716071 0.888416277903 0.35661905101 -1.77869468696
7.146 -0.425277885459 0.150932406132 0.800331129236 0.888327590983 0.356056067427 -1.76860401612
7.166 -0.425174672333 0.147399062781 0.800426735425 0.888231621044 0.355494299554 -1.75852033506
7.186 -0.425035248008 0.143866871789 0.800523978557 0.888128412951 0.354933783339 -1.74844279299
7.206 -0.424859627421 0.140336169975 0.800622849063 0.8880179875 0.354374581888 -1.73837131809
7.226 -0.424647821463 0.136807324545 0.800723336634 0.887900364168 0.35381676096 -1.7283059172
7.246 -0.424399844999 0.133280702357 0.800825430628 0.887775563403 0.353260386159 -1.71824659602
7.266 -0.424115716862 0.129756669888 0.800929120076 0.887643606624 0.352705522922 -1.70819335924
7.286 -0.42379545984 0.126235593213 0.801034393677 0.887504516208 0.35215223651 -1.69814621052
7.306 -0.423439100667 0.122717837974 0.801141239799 0.887358315494 0.351600592005 -1.68810515255
7.326 -0.423046670013 0.11920376935 0.80124964648 0.887205028768 0.351050654297 -1.67807018709
7.346 -0.422618202475 0.115693752029 0.801359601428 0.887044681269 0.35050248808 -1.66804131499
7.366 -0.422153736566 0.112188150177 0.801471092022 0.886877299173 0.349956157841 -1.65801853625
7.386 -0.421653314712 0.108687327403 0.801584105311 0.886702909599 0.349411727852 -1.64800185001
7.406 -0.421116983235 0.105191646733 0.801698628015 0.886521540598 0.348869262166 -1.63799125461
7.426 -0.420544792353 0.10170147057 0.801814646527 0.88633322115 0.348328824606 -1.6279867476
7.446 -0.419936796165 0.098217160663 0.801932146913 0.886137981163 0.347790478755 -1.61798832576
7.466 -0.419293052647 0.0947390780721 0.802051114913 0.885935851463 0.347254287956 -1.60799598513
7.486 -0.418613623639 0.0912675831336 0.802171535944 0.885726863797 0.346720315295 -1.59800972104
7.506 -0.417898574842 0.0878030354241 0.802293395098 0.885511050825 0.3461886236 -1.58802952811
7.526 -0.417147975805 0.0843457937239 0.802416677145 0.885288446116 0.345659275432 -1.57805540026
7.546 -0.416361899917 0.0808962159807 0.802541366537 0.885059084147 0.345132333075 -1.56808733075
7.566 -0.415540424401 0.0774546592725 0.802667447404 0.884823000298 0.344607858531 -1.55812531221
7.586 -0.4146836303 0.07402147977 0.802794903563 0.884580230849 0.344085913514 -1.54816933658
7.606 -0.413791602471 0.070597032699 0.802923718514 0.884330812976 0.343566559439 -1.53821939521
7.626 -0.412864429576 0.067181672302 0.803053875444 0.88407478475 0.343049857418 -1.52827547882
7.646 -0.411902204069 0.0637757517999 0.80318535723 0.883812185132 0.342535868252 -1.51833757753
7.666 -0.410905022188 0.0603796233533 0.803318146439 0.88354305397 0.342024652425 -1.50840568088
7.686 -0.409872983945 0.0569936380236 0.803452225334 0.883267431998 0.341516270096 -1.49847977779
7.706 -0.408806193113 0.0536181457334 0.803587575872 0.882985360831 0.341010781091 -1.48855985663
7.726 -0.407704757218 0.0502534952277 0.803724179709 0.882696882967 0.340508244901 -1.47864590521
7.746 -0.406568787524 0.0469000340337 0.803862018204 0.882402041778 0.340008720671 -1.46873791077
7.766 -0.405398399025 0.0435581084213 0.804001072418 0.882100881515 0.339512267199 -1.45883586
7.786 -0.404193710429 0.040228063363 0.804141323119 0.8817934473 0.339018942922 -1.44893973904
7.806 -0.402954844151 0.0369102424939 0.804282750785 0.881479785128 0.338528805918 -1.4390495335
7.826 -0.401681926293 0.0336049880713 0.804425335608 0.881159941863 0.338041913895 -1.42916522846
7.847 -0.400375086637 0.0303126409344 0.804569057493 0.88083396524 0.337558324189 -1.41928680846
7.866 -0.399034458627 0.0270335404636 0.804713896066 0.880501903859 0.337078093755 -1.40941425754
7.886 -0.397660179357 0.0237680245401 0.804859830675 0.880163807187 0.336601279164 -1.39954755918
7.906 -0.396252389557 0.0205164295048 0.805006840393 0.879819725558 0.336127936597 -1.3896866964
7.926 -0.394811233576 0.017279090118 0.805154904021 0.87946971017 0.33565812184 -1.37983165167
7.946 -0.393336859369 0.0140563395178 0.805304000096 0.879113813084 0.335191890279 -1.36998240697
7.966 -0.391829418479 0.0108485091796 0.805454106887 0.87875208723 0.334729296896 -1.36013894376
7.986 -0.390289066022 0.00765592887481 0.805605202405 0.8783845864 0.334270396262 -1.35030124302
8.006 -0.388715960671 0.00447892662949 0.805757264405 0.878011365251 0.333815242539 -1.34046928521
8.026 -0.387110264635 0.00131782868335 0.805910270387 0.877632479309 0.333363889468 -1.33064305031
8.046 -0.385472143649 -0.00182704055171 0.806064197606 0.877247984965 0.332916390371 -1.32082251778
8.066 -0.383801766945 -0.004955358533 0.806219023069 0.876857939481 0.332472798142 -1.31100766662
8.086 -0.382099307245 -0.00806680462855 0.806374723545 0.87646240099 0.332033165251 -1.30119847529
8.106 -0.380364940733 -0.0111610601586 0.806531275564 0.876061428498 0.331597543733 -1.2913949218
8.126 -0.378598847039 -0.0142378084374 0.806688655425 0.875655081886 0.331165985191 -1.28159698363
8.146 -0.37680120922 -0.0172967348146 0.8068468392 0.875243421918 0.330738540789 -1.27180463779
8.166 -0.374972213738 -0.0203375267174 0.807005802734 0.874826510237 0.330315261252 -1.26201786078
8.186 -0.373112050438 -0.0233598736922 0.807165521657 0.874404409378 0.329896196863 -1.25223662862
8.206 -0.371220912528 -0.0263634674465 0.80732597138 0.873977182764 0.329481397462 -1.24246091681
8.226 -0.369298996557 -0.0293480018912 0.807487127106 0.873544894717 0.329070912441 -1.23269070037
8.246 -0.36734650239 -0.0323131731825 0.807648963831 0.873107610465 0.328664790749 -1.22292595381
8.266 -0.365363633188 -0.0352586797643 0.807811456349 0.872665396141 0.328263080883 -1.21316665113
8.286 -0.363350595382 -0.0381842224105 0.807974579257 0.872218318801 0.327865830895 -1.20341276585
8.306 -0.36130759865 -0.0410895042674 0.808138306961 0.87176644642 0.327473088386 -1.19366427095
8.326 -0.359234855892 -0.0439742308966 0.808302613677 0.871309847912 0.327084900508 -1.1839211389
8.346 -0.357132583203 -0.0468381103174 0.80846747344 0.870848593133 0.326701313965 -1.17418334168
8.366 -0.35500099985 -0.0496808530502 0.808632860106 0.870382752891 0.326322375013 -1.16445085071
8.386 -0.352840328243 -0.052502172159 0.808798747355 0.86991239896 0.325948129461 -1.15472363691
8.406 -0.350650793909 -0.0553017832952 0.8089651087 0.869437604094 0.325578622673 -1.14500167064
8.426 -0.348432625463 -0.0580794047409 0.809131917488 0.868958442034 0.325213899568 -1.13528492176
8.446 -0.346186054583 -0.0608347574527 0.809299146907 0.868474987527 0.324854004626 -1.12557335954
8.466 -0.343911315978 -0.0635675651055 0.809466769989 0.867987316343 0.324498981888 -1.11586695273
8.486 -0.341608647359 -0.066277554137 0.809634759615 0.867495505286 0.324148874962 -1.1061656695
8.507 -0.339278289409 -0.0689644537922 0.80980308852 0.866999632217 0.323803727024 -1.09646947746
8.526 -0.336920485753 -0.071627996168 0.809971729295 0.866499776071 0.323463580823 -1.08677834363
8.546 -0.334535482926 -0.074267916259 0.810140654396 0.865996016882 0.323128478689 -1.07709223445
8.566 -0.332123530341 -0.0768839520024 0.810309836144 0.865488435797 0.322798462537 -1.06741111576
8.586 -0.329684880257 -0.0794758443248 0.810479246732 0.86497711511 0.322473573871 -1.05773495277
8.606 -0.327219787742 -0.0820433371882 0.810648858228 0.864462138282 0.322153853795 -1.04806371009
8.626 -0.324728510645 -0.0845861776372 0.810818642577 0.86394358997 0.321839343019 -1.03839735169
8.646 -0.322211309554 -0.0871041158466 0.81098857161 0.863421556059 0.321530081868 -1.02873584088
8.666 -0.319668447766 -0.0895969051695 0.811158617042 0.86289612369 0.321226110292 -1.0190791403
8.686 -0.317100191249 -0.0920643021863 0.811328750479 0.862367381299 0.320927467873 -1.00942721191
8.706 -0.314506808601 -0.0945060667543 0.811498943423 0.861835418653 0.320634193843 -0.99978001698
8.726 -0.311888571018 -0.0969219620578 0.811669167268 0.861300326885 0.320346327088 -0.990137516049
8.746 -0.309245752251 -0.0993117546594 0.811839393314 0.860762198543 0.32006390617 -0.980499668921
8.766 -0.306578628568 -0.101675214552 0.812009592758 0.860221127631 0.319786969334 -0.970866434641
8.786 -0.303887478712 -0.104012115214 0.812179736706 0.85967720966 0.319515554528 -0.961237771468
8.806 -0.301172583861 -0.106322233658 0.812349796169 0.859130541698 0.319249699419 -0.951613636856
8.827 -0.298434227583 -0.108605350493 0.81251974207 0.858581222427 0.318989441412 -0.941993987424
8.846 -0.295672695795 -0.110861249977 0.812689545242 0.858029352205 0.318734817667 -0.932378778932
8.866 -0.292888276718 -0.113089720077 0.812859176428 0.857475033125 0.318485865125 -0.922767966246
8.886 -0.290081260829 -0.115290552527 0.813028606288 0.856918369091 0.318242620528 -0.913161503313
8.906 -0.287251940817 -0.11746354289 0.813197805393 0.856359465884 0.318005120442 -0.903559343119
8.926 -0.284400611533 -0.119608490624 0.813366744229 0.855798431245 0.317773401291 -0.893961437661
8.946 -0.28152756994 -0.121725199143 0.813535393194 0.855235374962 0.317547499377 -0.884367737901
8.966 -0.278633115066 -0.123813475885 0.813703722599 0.854670408955 0.317327450918 -0.874778193729
8.986 -0.275717547947 -0.125873132386 0.813871702665 0.854103647379 0.317113292079 -0.865192753919
9.006 -0.272781171576 -0.127903984346 0.814039303522 0.853535206726 0.316905059007 -0.855611366075
9.026 -0.26982429085 -0.129905851709 0.814206495205 0.852965205936 0.316702787872 -0.846033976586
9.046 -0.266847212507 -0.13187855874 0.81437324765 0.85239376652 0.316506514909 -0.836460530572
9.066 -0.263850245072 -0.133821934103 0.81453953069 0.851821012691 0.316316276462 -0.826890971819
9.086 -0.260833698797 -0.13573581095 0.814705314051 0.851247071499 0.316132109032 -0.817325242721
9.106 -0.257797885593 -0.137620027008 0.814870567344 0.850672072983 0.315954049332 -0.807763284211
9.126 -0.254743118972 -0.139474424673 0.815035260058 0.850096150333 0.315782134343 -0.798205035688
9.146 -0.251669713974 -0.141298851105 0.815199361551 0.849519440062 0.315616401372 -0.788650434941
9.166 -0.248577987101 -0.143093158333 0.815362841044 0.848942082192 0.315456888124 -0.779099418059
9.186 -0.245468256242 -0.144857203362 0.815525667605 0.848364220459 0.315303632767 -0.769551919348
9.206 -0.242340840599 -0.146590848289 0.81568781014 0.847786002526 0.315156674012 -0.76000787123
9.226 -0.239196060606 -0.148293960419 0.815849237378 0.847207580216 0.315016051195 -0.750467204136
9.246 -0.236034237851 -0.149966412397 0.816009917858 0.846629109769 0.314881804369 -0.740929846399
9.266 -0.232855695252 -0.151608074025 0.816169813173 0.846050744374 0.314753968988 -0.731395723315
9.286 -0.229660756502 -0.153218833426 0.816328894755 0.845472653606 0.314632589669 -0.721864759173
9.306 -0.226449745966 -0.154798585244 0.816487134596 0.844895013415 0.314517712564 -0.712336875738
9.326 -0.223222988903 -0.156347224809 0.81664450022 0.84431800061 0.314409381574 -0.702811991586
9.346 -0.219980811257 -0.157864653559 0.816800958855 0.843741798017 0.314307641888 -0.693290022478
9.366 -0.216723539537 -0.159350779228 0.816956477407 0.843166594885 0.314212540136 -0.683770881176
9.386 -0.213451500703 -0.160805516042 0.817111022429 0.842592587322 0.314124124537 -0.674254477253
9.406 -0.210165022043 -0.162228784928 0.817264560082 0.842019978766 0.314042445074 -0.664740716873
9.426 -0.206864431039 -0.163620513738 0.817417056102 0.841448980506 0.313967553677 -0.655229502567
9.446 -0.203550055224 -0.164980637496 0.817568475756 0.840879812235 0.313899504425 -0.645720732979
9.466 -0.200222222037 -0.166309098649 0.817718783796 0.840312702659 0.313838353762 -0.636214302595
9.486 -0.196881258657 -0.167605847353 0.817867944411 0.839747890158 0.313784160734 -0.626710101447
9.506 -0.193527491836 -0.168870841768 0.818015921173 0.839185623503 0.31373698725 -0.617208014791
9.526 -0.190161247709 -0.170104048379 0.818162676973 0.838626162639 0.313696898361 -0.607707922751
9.546 -0.186782851601 -0.171305442348 0.818308173962 0.838069779532 0.313663962571 -0.598209699944
9.566 -0.183392627809 -0.172475007881 0.818452373478 0.837516759105 0.313638252165 -0.588713215053
9.586 -0.17999089937 -0.173612738635 0.818595235967 0.836967400244 0.313619843579 -0.579218330375
9.606 -0.176577987812 -0.174718638146 0.818736720904 0.836422016903 0.313608817798 -0.569724901323
9.626 -0.173154212885 -0.175792720298 0.818876786699 0.83588093931 0.313605260786 -0.560232775873
9.646 -0.169719892259 -0.176835009825 0.819015390597 0.835344515285 0.313609263969 -0.550741793975
9.666 -0.16627534121 -0.177845542849 0.819152488575 0.834813111671 0.313620924743 -0.541251786891
9.686 -0.162820872265 -0.178824367464 0.819288035222 0.834287115912 0.313640347048 -0.531762576485
9.706 -0.159356794823 -0.179771544355 0.819421983617 0.833766937759 0.313667641981 -0.522273974434
9.726 -0.155883414734 -0.180687147474 0.819554285192 0.833253011152 0.313702928473 -0.512785781368
9.746 -0.152401033847 -0.181571264753 0.819684889585 0.832745796261 0.313746334024 -0.503297785929
9.766 -0.148909949506 -0.182423998872 0.819813744489 0.832245781726 0.313797995506 -0.493809763737
9.786 -0.145410454002 -0.183245468076 0.819940795477 0.831753487088 0.31385806004 -0.484321476258
9.806 -0.141902833974 -0.184035807047 0.820065985829 0.831269465458 0.313926685947 -0.474832669564
9.826 -0.138387369748 -0.184795167819 0.82018925634 0.830794306406 0.314004043788 -0.465343072977
9.846 -0.134864334612 -0.185523720749 0.820310545121 0.830328639116 0.314090317487 -0.45585239759
9.866 -0.131333994027 -0.186221655533 0.820429787388 0.829873135806 0.314185705557 -0.446360334643
9.886 -0.127796604753 -0.186889182255 0.820546915241 0.829428515432 0.314290422419 -0.436866553764
9.906 -0.124252413901 -0.187526532472 0.820661857439 0.828995547689 0.314404699825 -0.427370701056
9.926 -0.120701657888 -0.188133960315 0.820774539171 0.828575057318 0.314528788393 -0.417872397018
9.946 -0.11714456131 -0.18871174359 0.820884881821 0.828167928714 0.314662959246 -0.408371234308
9.966 -0.113581335701 -0.189260184851 0.820992802744 0.827775110835 0.314807505757 -0.398866775342
9.986 -0.110012178198 -0.189779612428 0.821098215043 0.827397622394 0.314962745399 -0.389358549726
10.006 -0.106437270099 -0.190270381352 0.82120102737 0.827036557293 0.315129021691 -0.379846051545
10.026 -0.10285677531 -0.190732874143 0.821301143755 0.826693090258 0.315306706216 -0.37032873652
10.046 -0.099270838696 -0.191167501398 0.821398463464 0.826368482579 0.31549620071 -0.360806019063
10.066 -0.0956795843298 -0.191574702092 0.821492880922 0.826064087869 0.315697939181 -0.351277269288
10.086 -0.0920831136652 -0.191954943521 0.821584285696 0.825781357656 0.315912390021 -0.341741810035
10.106 -0.0884815036447 -0.192308720772 0.821672562571 0.825521846646 0.316140058074 -0.332198914004
10.126 -0.0848748047755 -0.192636555605 0.82175759173 0.825287217364 0.316381486596 -0.322647801119
10.146 -0.0812630392116 -0.192938994599 0.821839249081 0.825079243882 0.31663725903 -0.313087636278
10.166 -0.0776461988923 -0.193216606438 0.821917406722 0.824899814203 0.316908000531 -0.303517527686
10.186 -0.0740242438009 -0.193469978161 0.821991933605 0.824750930853 0.317194379122 -0.29393652601
10.206 -0.0703971004205 -0.193699710231 0.8220626964 0.824634709105 0.317497106409 -0.28434362464
10.226 -0.0667646604761 -0.193906410276 0.822129560574 0.824553372216 0.317816937705 -0.274737761393
10.246 -0.0631267800654 -0.194090685385 0.822192391719 0.824509242974 0.318154671494 -0.265117822019
10.266 -0.0594833894845 -0.194252964088 0.82225107936 0.824504497025 0.318511070508 -0.255482961266
10.286 -0.0558345211847 -0.194393685212 0.822305499617 0.824541457968 0.318886923712 -0.245832631655
10.306 -0.0521795636122 -0.194513736482 0.822355496765 0.824623063134 0.319283320333 -0.236164618358
10.326 -0.0485182032329 -0.194613635702 0.822400953116 0.824751878548 0.31970122126 -0.226477603078
10.346 -0.0448501287665 -0.194693814664 0.822441762523 0.824930419708 0.320141600869 -0.216770360804
10.366 -0.0411750020958 -0.194754629724 0.822477830555 0.825161138342 0.320605455061 -0.207041693272
10.386 -0.0374924628695 -0.19479634655 0.82250907649 0.825446373652 0.32109379447 -0.197290453823
10.406 -0.033802134027 -0.194819125394 0.822535435051 0.82578829852 0.32160763698 -0.187515575136
10.426 -0.0301036281523 -0.194823007584 0.822556857776 0.826188862081 0.322147999733 -0.177716099101
10.446 -0.0263965545223 -0.194807903875 0.822573313926 0.826649730528 0.322715890766 -0.167891207862
10.466 -0.0226805266761 -0.194773585315 0.822584790857 0.827172228364 0.323312300448 -0.158040254787
10.486 -0.0189551703062 -0.194719677108 0.822591293812 0.827757282598 0.323938192823 -0.148162794003
10.506 -0.015220131259 -0.194645655832 0.822592845157 0.828405372416 0.324594496943 -0.138258607052
10.526 -0.0114750834359 -0.194550850178 0.822589483086 0.829116486757 0.325282098237 -0.128327725271
10.546 -0.00771973640504 -0.194434445155 0.822581259894 0.829890091884 0.326001829901 -0.118370446672
10.566 -0.0039538425608 -0.194295489522 0.822568239932 0.830725110576 0.3267544643 -0.108387346386
10.586 -0.000177203705949 -0.194132906061 0.822550497376 0.83161991394 0.32754070435 -0.0983792800474
10.606 0.00361032303358 -0.193945504146 0.822528113941 0.832572326199 0.328361174875 -0.0883473799283
10.626 0.00740882001354 -0.193731994048 0.82250117668 0.833579642157 0.32921641397 -0.0782930439938
10.646 0.0112183046189 -0.193491002365 0.822469775968 0.834638656438 0.330106864447 -0.0682179184236
10.666 0.0150387255522 -0.193221088001 0.822434003756 0.835745703132 0.331032865486 -0.0581238744364
10.686 0.0188699598435 -0.192920758193 0.822393952147 0.836896704105 0.331994644673 -0.0480129804681
10.706 0.022711810554 -0.192588484165 0.822349712327 0.83808722404 0.332992310631 -0.0378874708844
10.726 0.0265639458044 -0.192222651386 0.82230137381 0.839312161295 0.334025921676 -0.027750102155
