robot state:time  joint_value
 0.038 -0.0195062610817
0.058 -0.0223050884109
0.078 -0.0252287462085
0.098 -0.0276362782782
0.118 -0.030282029545
0.138 -0.0331023871054
0.158 -0.0348135017774
0.178 -0.0365063872394
0.198 -0.0372663549354
0.218 -0.0390346905852
0.238 -0.0400836560125
0.258 -0.0396324224756
0.278 -0.039443650682
0.298 -0.0387640656122
0.318 -0.0380619470769
0.338 -0.0367306401882
0.358 -0.0348819418228
0.378 -0.0327152260633
0.398 -0.0294741362801
0.418 -0.0259569048023
0.438 -0.0221401044948
0.458 -0.0180583915341
0.478 -0.0135265338419
0.497 -0.00761611651419
0.518 -0.00234145779846
0.538 0.00425920434978
0.558 0.0114804286044
0.578 0.0184644615816
0.598 0.0259708120855
0.618 0.033921542199
0.638 0.0427079360494
0.658 0.0513004731556
0.678 0.0606954104675
0.698 0.0706321311874
0.718 0.0810549211755
0.738 0.0915557056788
0.758 0.102345598114
0.778 0.113251166401
0.797 0.125424461702
0.818 0.137009883718
0.838 0.149297321229
0.858 0.161836571789
0.878 0.17481336474
0.897 0.188147279385
0.918 0.201929657187
0.938 0.215008268452
0.958 0.228542251716
0.978 0.242378287314
0.998 0.256834612141
1.018 0.270913533385
1.038 0.285554514727
1.057 0.300092371716
1.078 0.314981006712
1.098 0.329882551899
1.118 0.344802645512
1.138 0.360369981049
1.158 0.375164284234
1.178 0.390730062231
1.198 0.405625295416
1.218 0.421077881038
1.238 0.436404699965
1.258 0.451249386183
1.278 0.466665163248
1.298 0.48179949205
1.318 0.497384168475
1.338 0.512300525259
1.358 0.527381908042
1.378 0.542704042141
1.398 0.557440250944
1.418 0.572225943188
1.438 0.586749129322
1.458 0.600912227297
1.478 0.615601178223
1.498 0.629912017266
1.518 0.643978579314
1.538 0.657796013349
1.558 0.671277921932
1.578 0.684703801916
1.597 0.698362925482
1.618 0.711466990423
1.638 0.724525784
1.658 0.737012547325
1.678 0.749108928191
1.698 0.761293032733
1.718 0.773260669181
1.738 0.785060889336
1.758 0.796327034491
1.778 0.807553457545
1.798 0.818321920309
1.818 0.828738797587
1.838 0.838956243287
1.858 0.84852015407
1.878 0.858382344294
1.898 0.867972455817
1.918 0.876906707218
1.939 0.885134957765
1.958 0.893274820519
1.978 0.901378048749
1.998 0.908892297107
2.018 0.916204174946
2.038 0.922865620402
2.058 0.92978223972
2.078 0.9356861334
2.098 0.941077162788
2.118 0.946908456478
2.138 0.951983979589
2.158 0.956751924721
2.178 0.960859023603
2.198 0.964419883711
2.218 0.968461904666
2.238 0.971426235316
2.258 0.974295919323
2.278 0.976583716007
2.298 0.978267275583
2.318 0.979810851998
2.338 0.980759439351
2.358 0.981581415203
2.378 0.981873478644
2.398 0.981990550289
2.418 0.981382803943
2.438 0.980682361895
2.458 0.979392663236
2.478 0.977659924244
2.498 0.976101971158
2.517 0.973447717639
2.537 0.970549844244
2.558 0.967493846119
2.578 0.963654901203
2.597 0.959618484505
2.618 0.955427547948
2.637 0.950444231994
2.658 0.945343901202
2.678 0.939907604195
2.698 0.934092849554
2.718 0.92743736086
2.738 0.921085260285
2.758 0.913836029669
2.778 0.906426164541
2.798 0.898604545851
2.818 0.89055923215
2.838 0.881851260312
2.858 0.873062354918
2.878 0.864116618484
2.896 0.854220192136
2.917 0.844627592277
2.938 0.834130976128
2.958 0.823534157055
2.978 0.812214102682
2.998 0.801044706127
3.018 0.789914141115
3.037 0.778149375745
3.058 0.765698193828
3.078 0.753021784779
3.098 0.740292830175
3.118 0.72691836948
3.138 0.713902753368
3.158 0.699918263747
3.178 0.686072899778
3.198 0.671671623794
3.218 0.657218938836
3.238 0.642229732963
3.258 0.627324775428
3.278 0.612110478292
3.298 0.596366664774
3.318 0.580288565888
3.338 0.564682515815
3.358 0.548133715394
3.378 0.531705214726
3.397 0.514738618735
3.418 0.497741423487
3.437 0.480510823325
3.458 0.463535566696
3.477 0.446193133993
3.498 0.428511261493
3.518 0.410287618454
3.538 0.392489787916
3.558 0.374115224203
3.578 0.355673770809
3.598 0.337143386869
3.618 0.318478276463
3.638 0.299864946004
3.658 0.281104047016
3.678 0.262010336973
3.698 0.242612784694
3.718 0.223620853941
3.737 0.204116649773
3.758 0.185284357208
3.777 0.165718349685
3.798 0.146281322492
3.818 0.126755008259
3.838 0.10716401246
3.858 0.0872986139448
3.878 0.0678942655354
3.898 0.0479350757189
3.918 0.0278170117008
3.938 0.00825957560591
3.958 -0.0114491468525
3.978 -0.0309773975373
3.998 -0.0505787106254
4.018 -0.0706914157145
4.038 -0.0903706154518
4.058 -0.109975426214
4.078 -0.129749954698
4.098 -0.149200821887
4.118 -0.168006758194
4.138 -0.187677614627
4.157 -0.207385112334
4.178 -0.22672395486
4.198 -0.246162466811
4.218 -0.265301282339
4.238 -0.283893037459
4.257 -0.302503422708
4.278 -0.321445902624
4.298 -0.340208569787
4.317 -0.358561171324
4.337 -0.376701437872
4.358 -0.395520598824
4.378 -0.413230462875
4.398 -0.430992972291
4.418 -0.448888006795
4.438 -0.466382850141
4.458 -0.483997934924
4.478 -0.501133409844
4.498 -0.51765046804
4.518 -0.534779204683
4.538 -0.551401400865
4.558 -0.567816577954
4.578 -0.583667901291
4.598 -0.599362780959
4.618 -0.615196057086
4.638 -0.630588725879
4.658 -0.645391949166
4.678 -0.660313500058
4.698 -0.674841246322
4.718 -0.689530953287
4.738 -0.703528767831
4.758 -0.717011888314
4.778 -0.730471195161
4.798 -0.743587801094
4.818 -0.756520817058
4.838 -0.769367606564
4.858 -0.781540257957
4.878 -0.793374614334
4.898 -0.804797148406
4.918 -0.816299975475
4.938 -0.827197064161
4.958 -0.837564681428
4.977 -0.847773065441
4.998 -0.858011776079
5.018 -0.868218002802
5.038 -0.87743126586
5.058 -0.8862871657
5.078 -0.89467047172
5.098 -0.903139028291
5.117 -0.910664551177
5.138 -0.918153559581
5.158 -0.925275765092
5.178 -0.93193921885
5.198 -0.938220585882
5.218 -0.944360262488
5.238 -0.949823734859
5.258 -0.955686021351
5.278 -0.960296770934
5.298 -0.964622770554
5.318 -0.9689044717
5.338 -0.972402803048
5.358 -0.97558796411
5.378 -0.978823568384
5.398 -0.98111425512
5.418 -0.983566450937
5.438 -0.984945284295
5.458 -0.986686350754
5.478 -0.987687942708
5.497 -0.987988468084
5.518 -0.98868749754
5.538 -0.987918918735
5.558 -0.987276523571
5.578 -0.986199952871
5.598 -0.98512659754
5.618 -0.983662887178
5.638 -0.981198144998
5.658 -0.978482994105
5.677 -0.975392486138
5.698 -0.972068499828
5.718 -0.968009959941
5.737 -0.964255739626
5.758 -0.959607091828
5.778 -0.954489180322
5.797 -0.949339802211
5.818 -0.94338853123
5.838 -0.938181243383
5.858 -0.931517700633
5.878 -0.924380254214
5.898 -0.917527335447
5.918 -0.910260012417
5.938 -0.902176025543
5.958 -0.893401387203
5.977 -0.885105718116
5.996 -0.876406164675
6.018 -0.867192185196
6.038 -0.857152412421
6.058 -0.847099200861
6.078 -0.83665848495
6.098 -0.82602163329
6.118 -0.81540843303
6.143 -0.804066373257
6.158 -0.792148986558
6.178 -0.780427508629
6.198 -0.768009214822
6.218 -0.755485804857
6.238 -0.742186025442
6.258 -0.728729570365
6.278 -0.715674317676
6.298 -0.701766679467
6.318 -0.687701411376
6.338 -0.673577893532
6.358 -0.659159079234
6.378 -0.644161049665
6.398 -0.628965494941
6.418 -0.613594237651
6.438 -0.597638335617
6.458 -0.58235221231
6.478 -0.566086867617
6.498 -0.549814162317
6.518 -0.53311639299
6.538 -0.516446587737
6.558 -0.499743441141
6.578 -0.482294884072
6.598 -0.464937261911
6.618 -0.447587944305
6.638 -0.429575177852
6.658 -0.411941431596
6.678 -0.394246927707
6.698 -0.375604160863
6.718 -0.357200576782
6.738 -0.338652836088
6.758 -0.320355248146
6.778 -0.301031585154
6.798 -0.281940101697
6.818 -0.262863995507
6.838 -0.243866586581
6.858 -0.224537726587
6.878 -0.205719505093
6.898 -0.186491345035
6.918 -0.166902796944
6.938 -0.147166522203
6.958 -0.127500312899
6.978 -0.108065357279
6.998 -0.0882416790471
7.018 -0.0688247045033
7.038 -0.0489355748608
7.058 -0.029325844145
7.078 -0.00936703954839
7.097 0.0101331501835
7.11 0.0299536951202
7.137 0.0495876697263
7.157 0.069454432011
7.178 0.0893974809749
7.198 0.108534561893
7.218 0.128484239558
7.238 0.14744483979
7.258 0.167238171878
7.278 0.186735871541
7.298 0.205920514029
7.318 0.225529245871
7.337 0.244615552374
7.357 0.263751116589
7.378 0.283300762054
7.398 0.301851068915
7.418 0.320014006837
7.437 0.338887489452
7.458 0.357306062936
7.478 0.375513342411
7.497 0.393441317857
7.518 0.412015126809
7.538 0.430256993638
7.558 0.447459519634
7.578 0.465268622098
7.598 0.482488298809
7.618 0.499759993868
7.638 0.516690362087
7.658 0.533106631833
7.678 0.549754293002
7.697 0.566471007247
7.717 0.582449980036
7.738 0.597725213058
7.758 0.613454904411
7.778 0.628839192757
7.798 0.644232346013
7.818 0.658832709368
7.838 0.673341598836
7.858 0.687707116173
7.878 0.702069104121
7.898 0.716029656863
7.918 0.729536483851
7.938 0.742609821398
7.958 0.755547887508
7.977 0.767986986657
7.998 0.780490115051
8.018 0.792460984437
8.037 0.8039155165
8.058 0.815513644796
8.078 0.826060047656
8.098 0.836967300203
8.118 0.847166404966
8.137 0.857374738929
8.156 0.866536302129
8.176 0.876226826076
8.198 0.885233696053
8.218 0.893413808221
8.238 0.901549121651
8.258 0.909912044557
8.277 0.917276084463
8.298 0.924928928702
8.318 0.931355459497
8.337 0.93796431014
8.358 0.943972221773
8.378 0.949549069705
8.397 0.954890008752
8.418 0.959634383967
8.438 0.964332734574
8.458 0.968616967952
8.478 0.972247514767
8.498 0.975893672169
8.518 0.978401921627
8.538 0.980929210564
8.558 0.983336740632
8.578 0.985194156307
8.598 0.986825675084
8.618 0.987863204393
8.638 0.987900080928
8.658 0.987921950964
8.677 0.988021835588
8.698 0.987483315566
8.717 0.98653933047
8.738 0.984997997407
8.758 0.983252627971
8.778 0.981487036374
8.798 0.97891704717
8.817 0.975740212426
8.838 0.972555407002
8.858 0.968367665901
8.878 0.964032225161
8.898 0.959995317356
8.918 0.955152945593
8.938 0.950121243272
8.958 0.944423343975
8.978 0.938370392643
8.991 0.931534695987
9.018 0.925048491548
9.038 0.917678765477
9.058 0.910658116905
9.078 0.902453645671
9.098 0.894516805625
9.117 0.886269178589
9.137 0.876748449822
9.158 0.867774004518
9.178 0.858156441701
9.197 0.848141048268
9.218 0.837874292959
9.238 0.827093443677
9.257 0.816160350265
9.277 0.80437195673
9.297 0.793069577762
9.318 0.781055337066
9.338 0.768801488949
9.357 0.756505442273
9.377 0.743582852062
9.398 0.730609713801
9.418 0.717117295934
9.438 0.703274017417
9.458 0.689057834958
9.478 0.674912235506
9.498 0.660388708882
9.518 0.645773894695
9.538 0.63046250828
9.558 0.615232502352
9.578 0.599500641565
9.598 0.583898659389
9.618 0.567497086338
9.638 0.551713111944
9.658 0.535230381946
9.678 0.518677065058
9.698 0.501400294656
9.723 0.484080635607
9.738 0.466429841707
9.758 0.449209084658
9.773 0.431657640369
9.8 0.413856098026
